/*--------------------------------*- C++ -*----------------------------------*\
| =========                 |                                                 |
| \\      /  F ield         | OpenFOAM: The Open Source CFD Toolbox           |
|  \\    /   O peration     | Version:  5.x                                   |
|   \\  /    A nd           | Web:      www.OpenFOAM.org                      |
|    \\/     M anipulation  |                                                 |
\*---------------------------------------------------------------------------*/
FoamFile
{
    version     2.0;
    format      ascii;
    class       faceList;
    location    "constant/polyMesh";
    object      faces;
}
// * * * * * * * * * * * * * * * * * * * * * * * * * * * * * * * * * * * * * //


4160
(
4(1 30 987 958)
4(29 986 987 30)
4(2 31 988 959)
4(30 987 988 31)
4(3 32 989 960)
4(31 988 989 32)
4(4 33 990 961)
4(32 989 990 33)
4(5 34 991 962)
4(33 990 991 34)
4(6 35 992 963)
4(34 991 992 35)
4(7 36 993 964)
4(35 992 993 36)
4(8 37 994 965)
4(36 993 994 37)
4(9 38 995 966)
4(37 994 995 38)
4(10 39 996 967)
4(38 995 996 39)
4(11 40 997 968)
4(39 996 997 40)
4(12 41 998 969)
4(40 997 998 41)
4(13 42 999 970)
4(41 998 999 42)
4(14 43 1000 971)
4(42 999 1000 43)
4(15 44 1001 972)
4(43 1000 1001 44)
4(16 45 1002 973)
4(44 1001 1002 45)
4(17 46 1003 974)
4(45 1002 1003 46)
4(18 47 1004 975)
4(46 1003 1004 47)
4(19 48 1005 976)
4(47 1004 1005 48)
4(20 49 1006 977)
4(48 1005 1006 49)
4(21 50 1007 978)
4(49 1006 1007 50)
4(22 51 1008 979)
4(50 1007 1008 51)
4(23 52 1009 980)
4(51 1008 1009 52)
4(24 53 1010 981)
4(52 1009 1010 53)
4(25 54 1011 982)
4(53 1010 1011 54)
4(26 55 1012 983)
4(54 1011 1012 55)
4(27 56 1013 984)
4(55 1012 1013 56)
4(56 1013 1014 57)
4(28 57 1014 985)
4(30 59 1016 987)
4(58 1015 1016 59)
4(31 60 1017 988)
4(59 1016 1017 60)
4(32 61 1018 989)
4(60 1017 1018 61)
4(33 62 1019 990)
4(61 1018 1019 62)
4(34 63 1020 991)
4(62 1019 1020 63)
4(35 64 1021 992)
4(63 1020 1021 64)
4(36 65 1022 993)
4(64 1021 1022 65)
4(37 66 1023 994)
4(65 1022 1023 66)
4(38 67 1024 995)
4(66 1023 1024 67)
4(39 68 1025 996)
4(67 1024 1025 68)
4(40 69 1026 997)
4(68 1025 1026 69)
4(41 70 1027 998)
4(69 1026 1027 70)
4(42 71 1028 999)
4(70 1027 1028 71)
4(43 72 1029 1000)
4(71 1028 1029 72)
4(44 73 1030 1001)
4(72 1029 1030 73)
4(45 74 1031 1002)
4(73 1030 1031 74)
4(46 75 1032 1003)
4(74 1031 1032 75)
4(47 76 1033 1004)
4(75 1032 1033 76)
4(48 77 1034 1005)
4(76 1033 1034 77)
4(49 78 1035 1006)
4(77 1034 1035 78)
4(50 79 1036 1007)
4(78 1035 1036 79)
4(51 80 1037 1008)
4(79 1036 1037 80)
4(52 81 1038 1009)
4(80 1037 1038 81)
4(53 82 1039 1010)
4(81 1038 1039 82)
4(54 83 1040 1011)
4(82 1039 1040 83)
4(55 84 1041 1012)
4(83 1040 1041 84)
4(56 85 1042 1013)
4(84 1041 1042 85)
4(85 1042 1043 86)
4(57 86 1043 1014)
4(59 88 1045 1016)
4(87 1044 1045 88)
4(60 89 1046 1017)
4(88 1045 1046 89)
4(61 90 1047 1018)
4(89 1046 1047 90)
4(62 91 1048 1019)
4(90 1047 1048 91)
4(63 92 1049 1020)
4(91 1048 1049 92)
4(64 93 1050 1021)
4(92 1049 1050 93)
4(65 94 1051 1022)
4(93 1050 1051 94)
4(66 95 1052 1023)
4(94 1051 1052 95)
4(67 96 1053 1024)
4(95 1052 1053 96)
4(68 97 1054 1025)
4(96 1053 1054 97)
4(69 98 1055 1026)
4(97 1054 1055 98)
4(70 99 1056 1027)
4(98 1055 1056 99)
4(71 100 1057 1028)
4(99 1056 1057 100)
4(72 101 1058 1029)
4(100 1057 1058 101)
4(73 102 1059 1030)
4(101 1058 1059 102)
4(74 103 1060 1031)
4(102 1059 1060 103)
4(75 104 1061 1032)
4(103 1060 1061 104)
4(76 105 1062 1033)
4(104 1061 1062 105)
4(77 106 1063 1034)
4(105 1062 1063 106)
4(78 107 1064 1035)
4(106 1063 1064 107)
4(79 108 1065 1036)
4(107 1064 1065 108)
4(80 109 1066 1037)
4(108 1065 1066 109)
4(81 110 1067 1038)
4(109 1066 1067 110)
4(82 111 1068 1039)
4(110 1067 1068 111)
4(83 112 1069 1040)
4(111 1068 1069 112)
4(84 113 1070 1041)
4(112 1069 1070 113)
4(85 114 1071 1042)
4(113 1070 1071 114)
4(114 1071 1072 115)
4(86 115 1072 1043)
4(88 117 1074 1045)
4(116 1073 1074 117)
4(89 118 1075 1046)
4(117 1074 1075 118)
4(90 119 1076 1047)
4(118 1075 1076 119)
4(91 120 1077 1048)
4(119 1076 1077 120)
4(92 121 1078 1049)
4(120 1077 1078 121)
4(93 122 1079 1050)
4(121 1078 1079 122)
4(94 123 1080 1051)
4(122 1079 1080 123)
4(95 124 1081 1052)
4(123 1080 1081 124)
4(96 125 1082 1053)
4(124 1081 1082 125)
4(97 126 1083 1054)
4(125 1082 1083 126)
4(98 127 1084 1055)
4(126 1083 1084 127)
4(99 128 1085 1056)
4(127 1084 1085 128)
4(100 129 1086 1057)
4(128 1085 1086 129)
4(101 130 1087 1058)
4(129 1086 1087 130)
4(102 131 1088 1059)
4(130 1087 1088 131)
4(103 132 1089 1060)
4(131 1088 1089 132)
4(104 133 1090 1061)
4(132 1089 1090 133)
4(105 134 1091 1062)
4(133 1090 1091 134)
4(106 135 1092 1063)
4(134 1091 1092 135)
4(107 136 1093 1064)
4(135 1092 1093 136)
4(108 137 1094 1065)
4(136 1093 1094 137)
4(109 138 1095 1066)
4(137 1094 1095 138)
4(110 139 1096 1067)
4(138 1095 1096 139)
4(111 140 1097 1068)
4(139 1096 1097 140)
4(112 141 1098 1069)
4(140 1097 1098 141)
4(113 142 1099 1070)
4(141 1098 1099 142)
4(114 143 1100 1071)
4(142 1099 1100 143)
4(143 1100 1101 144)
4(115 144 1101 1072)
4(117 146 1103 1074)
4(145 1102 1103 146)
4(118 147 1104 1075)
4(146 1103 1104 147)
4(119 148 1105 1076)
4(147 1104 1105 148)
4(120 149 1106 1077)
4(148 1105 1106 149)
4(121 150 1107 1078)
4(149 1106 1107 150)
4(122 151 1108 1079)
4(150 1107 1108 151)
4(123 152 1109 1080)
4(151 1108 1109 152)
4(124 153 1110 1081)
4(152 1109 1110 153)
4(125 154 1111 1082)
4(153 1110 1111 154)
4(126 155 1112 1083)
4(154 1111 1112 155)
4(127 156 1113 1084)
4(155 1112 1113 156)
4(128 157 1114 1085)
4(156 1113 1114 157)
4(129 158 1115 1086)
4(157 1114 1115 158)
4(130 159 1116 1087)
4(158 1115 1116 159)
4(131 160 1117 1088)
4(159 1116 1117 160)
4(132 161 1118 1089)
4(160 1117 1118 161)
4(133 162 1119 1090)
4(161 1118 1119 162)
4(134 163 1120 1091)
4(162 1119 1120 163)
4(135 164 1121 1092)
4(163 1120 1121 164)
4(136 165 1122 1093)
4(164 1121 1122 165)
4(137 166 1123 1094)
4(165 1122 1123 166)
4(138 167 1124 1095)
4(166 1123 1124 167)
4(139 168 1125 1096)
4(167 1124 1125 168)
4(140 169 1126 1097)
4(168 1125 1126 169)
4(141 170 1127 1098)
4(169 1126 1127 170)
4(142 171 1128 1099)
4(170 1127 1128 171)
4(143 172 1129 1100)
4(171 1128 1129 172)
4(172 1129 1130 173)
4(144 173 1130 1101)
4(146 175 1132 1103)
4(174 1131 1132 175)
4(147 176 1133 1104)
4(175 1132 1133 176)
4(148 177 1134 1105)
4(176 1133 1134 177)
4(149 178 1135 1106)
4(177 1134 1135 178)
4(150 179 1136 1107)
4(178 1135 1136 179)
4(151 180 1137 1108)
4(179 1136 1137 180)
4(152 181 1138 1109)
4(180 1137 1138 181)
4(153 182 1139 1110)
4(181 1138 1139 182)
4(154 183 1140 1111)
4(182 1139 1140 183)
4(155 184 1141 1112)
4(183 1140 1141 184)
4(156 185 1142 1113)
4(184 1141 1142 185)
4(157 186 1143 1114)
4(185 1142 1143 186)
4(158 187 1144 1115)
4(186 1143 1144 187)
4(159 188 1145 1116)
4(187 1144 1145 188)
4(160 189 1146 1117)
4(188 1145 1146 189)
4(161 190 1147 1118)
4(189 1146 1147 190)
4(162 191 1148 1119)
4(190 1147 1148 191)
4(163 192 1149 1120)
4(191 1148 1149 192)
4(164 193 1150 1121)
4(192 1149 1150 193)
4(165 194 1151 1122)
4(193 1150 1151 194)
4(166 195 1152 1123)
4(194 1151 1152 195)
4(167 196 1153 1124)
4(195 1152 1153 196)
4(168 197 1154 1125)
4(196 1153 1154 197)
4(169 198 1155 1126)
4(197 1154 1155 198)
4(170 199 1156 1127)
4(198 1155 1156 199)
4(171 200 1157 1128)
4(199 1156 1157 200)
4(172 201 1158 1129)
4(200 1157 1158 201)
4(201 1158 1159 202)
4(173 202 1159 1130)
4(175 204 1161 1132)
4(203 1160 1161 204)
4(176 205 1162 1133)
4(204 1161 1162 205)
4(177 206 1163 1134)
4(205 1162 1163 206)
4(178 207 1164 1135)
4(206 1163 1164 207)
4(179 208 1165 1136)
4(207 1164 1165 208)
4(180 209 1166 1137)
4(208 1165 1166 209)
4(181 210 1167 1138)
4(209 1166 1167 210)
4(182 211 1168 1139)
4(210 1167 1168 211)
4(183 212 1169 1140)
4(211 1168 1169 212)
4(184 213 1170 1141)
4(212 1169 1170 213)
4(185 214 1171 1142)
4(213 1170 1171 214)
4(186 215 1172 1143)
4(214 1171 1172 215)
4(187 216 1173 1144)
4(215 1172 1173 216)
4(188 217 1174 1145)
4(216 1173 1174 217)
4(189 218 1175 1146)
4(217 1174 1175 218)
4(190 219 1176 1147)
4(218 1175 1176 219)
4(191 220 1177 1148)
4(219 1176 1177 220)
4(192 221 1178 1149)
4(220 1177 1178 221)
4(193 222 1179 1150)
4(221 1178 1179 222)
4(194 223 1180 1151)
4(222 1179 1180 223)
4(195 224 1181 1152)
4(223 1180 1181 224)
4(196 225 1182 1153)
4(224 1181 1182 225)
4(197 226 1183 1154)
4(225 1182 1183 226)
4(198 227 1184 1155)
4(226 1183 1184 227)
4(199 228 1185 1156)
4(227 1184 1185 228)
4(200 229 1186 1157)
4(228 1185 1186 229)
4(201 230 1187 1158)
4(229 1186 1187 230)
4(230 1187 1188 231)
4(202 231 1188 1159)
4(204 233 1190 1161)
4(232 1189 1190 233)
4(205 234 1191 1162)
4(233 1190 1191 234)
4(206 235 1192 1163)
4(234 1191 1192 235)
4(207 236 1193 1164)
4(235 1192 1193 236)
4(208 237 1194 1165)
4(236 1193 1194 237)
4(209 238 1195 1166)
4(237 1194 1195 238)
4(210 239 1196 1167)
4(238 1195 1196 239)
4(211 240 1197 1168)
4(239 1196 1197 240)
4(212 241 1198 1169)
4(240 1197 1198 241)
4(213 242 1199 1170)
4(241 1198 1199 242)
4(214 243 1200 1171)
4(242 1199 1200 243)
4(215 244 1201 1172)
4(243 1200 1201 244)
4(216 245 1202 1173)
4(244 1201 1202 245)
4(217 246 1203 1174)
4(245 1202 1203 246)
4(218 247 1204 1175)
4(246 1203 1204 247)
4(219 248 1205 1176)
4(247 1204 1205 248)
4(220 249 1206 1177)
4(248 1205 1206 249)
4(221 250 1207 1178)
4(249 1206 1207 250)
4(222 251 1208 1179)
4(250 1207 1208 251)
4(223 252 1209 1180)
4(251 1208 1209 252)
4(224 253 1210 1181)
4(252 1209 1210 253)
4(225 254 1211 1182)
4(253 1210 1211 254)
4(226 255 1212 1183)
4(254 1211 1212 255)
4(227 256 1213 1184)
4(255 1212 1213 256)
4(228 257 1214 1185)
4(256 1213 1214 257)
4(229 258 1215 1186)
4(257 1214 1215 258)
4(230 259 1216 1187)
4(258 1215 1216 259)
4(259 1216 1217 260)
4(231 260 1217 1188)
4(233 262 1219 1190)
4(261 1218 1219 262)
4(234 263 1220 1191)
4(262 1219 1220 263)
4(235 264 1221 1192)
4(263 1220 1221 264)
4(236 265 1222 1193)
4(264 1221 1222 265)
4(237 266 1223 1194)
4(265 1222 1223 266)
4(238 267 1224 1195)
4(266 1223 1224 267)
4(239 268 1225 1196)
4(267 1224 1225 268)
4(240 269 1226 1197)
4(268 1225 1226 269)
4(241 270 1227 1198)
4(269 1226 1227 270)
4(242 271 1228 1199)
4(270 1227 1228 271)
4(243 272 1229 1200)
4(271 1228 1229 272)
4(244 273 1230 1201)
4(272 1229 1230 273)
4(245 274 1231 1202)
4(273 1230 1231 274)
4(246 275 1232 1203)
4(274 1231 1232 275)
4(247 276 1233 1204)
4(275 1232 1233 276)
4(248 277 1234 1205)
4(276 1233 1234 277)
4(249 278 1235 1206)
4(277 1234 1235 278)
4(250 279 1236 1207)
4(278 1235 1236 279)
4(251 280 1237 1208)
4(279 1236 1237 280)
4(252 281 1238 1209)
4(280 1237 1238 281)
4(253 282 1239 1210)
4(281 1238 1239 282)
4(254 283 1240 1211)
4(282 1239 1240 283)
4(255 284 1241 1212)
4(283 1240 1241 284)
4(256 285 1242 1213)
4(284 1241 1242 285)
4(257 286 1243 1214)
4(285 1242 1243 286)
4(258 287 1244 1215)
4(286 1243 1244 287)
4(259 288 1245 1216)
4(287 1244 1245 288)
4(288 1245 1246 289)
4(260 289 1246 1217)
4(262 291 1248 1219)
4(290 1247 1248 291)
4(263 292 1249 1220)
4(291 1248 1249 292)
4(264 293 1250 1221)
4(292 1249 1250 293)
4(265 294 1251 1222)
4(293 1250 1251 294)
4(266 295 1252 1223)
4(294 1251 1252 295)
4(267 296 1253 1224)
4(295 1252 1253 296)
4(268 297 1254 1225)
4(296 1253 1254 297)
4(269 298 1255 1226)
4(297 1254 1255 298)
4(270 299 1256 1227)
4(298 1255 1256 299)
4(271 300 1257 1228)
4(299 1256 1257 300)
4(272 301 1258 1229)
4(300 1257 1258 301)
4(273 302 1259 1230)
4(301 1258 1259 302)
4(274 303 1260 1231)
4(302 1259 1260 303)
4(275 304 1261 1232)
4(303 1260 1261 304)
4(276 305 1262 1233)
4(304 1261 1262 305)
4(277 306 1263 1234)
4(305 1262 1263 306)
4(278 307 1264 1235)
4(306 1263 1264 307)
4(279 308 1265 1236)
4(307 1264 1265 308)
4(280 309 1266 1237)
4(308 1265 1266 309)
4(281 310 1267 1238)
4(309 1266 1267 310)
4(282 311 1268 1239)
4(310 1267 1268 311)
4(283 312 1269 1240)
4(311 1268 1269 312)
4(284 313 1270 1241)
4(312 1269 1270 313)
4(285 314 1271 1242)
4(313 1270 1271 314)
4(286 315 1272 1243)
4(314 1271 1272 315)
4(287 316 1273 1244)
4(315 1272 1273 316)
4(288 317 1274 1245)
4(316 1273 1274 317)
4(317 1274 1275 318)
4(289 318 1275 1246)
4(291 320 1277 1248)
4(319 1276 1277 320)
4(292 321 1278 1249)
4(320 1277 1278 321)
4(293 322 1279 1250)
4(321 1278 1279 322)
4(294 323 1280 1251)
4(322 1279 1280 323)
4(295 324 1281 1252)
4(323 1280 1281 324)
4(296 325 1282 1253)
4(324 1281 1282 325)
4(297 326 1283 1254)
4(325 1282 1283 326)
4(298 327 1284 1255)
4(326 1283 1284 327)
4(299 328 1285 1256)
4(327 1284 1285 328)
4(300 329 1286 1257)
4(328 1285 1286 329)
4(301 330 1287 1258)
4(329 1286 1287 330)
4(302 331 1288 1259)
4(330 1287 1288 331)
4(303 332 1289 1260)
4(331 1288 1289 332)
4(304 333 1290 1261)
4(332 1289 1290 333)
4(305 334 1291 1262)
4(333 1290 1291 334)
4(306 335 1292 1263)
4(334 1291 1292 335)
4(307 336 1293 1264)
4(335 1292 1293 336)
4(308 337 1294 1265)
4(336 1293 1294 337)
4(309 338 1295 1266)
4(337 1294 1295 338)
4(310 339 1296 1267)
4(338 1295 1296 339)
4(311 340 1297 1268)
4(339 1296 1297 340)
4(312 341 1298 1269)
4(340 1297 1298 341)
4(313 342 1299 1270)
4(341 1298 1299 342)
4(314 343 1300 1271)
4(342 1299 1300 343)
4(315 344 1301 1272)
4(343 1300 1301 344)
4(316 345 1302 1273)
4(344 1301 1302 345)
4(317 346 1303 1274)
4(345 1302 1303 346)
4(346 1303 1304 347)
4(318 347 1304 1275)
4(320 349 1306 1277)
4(348 1305 1306 349)
4(321 350 1307 1278)
4(349 1306 1307 350)
4(322 351 1308 1279)
4(350 1307 1308 351)
4(323 352 1309 1280)
4(351 1308 1309 352)
4(324 353 1310 1281)
4(352 1309 1310 353)
4(325 354 1311 1282)
4(353 1310 1311 354)
4(326 355 1312 1283)
4(354 1311 1312 355)
4(327 356 1313 1284)
4(355 1312 1313 356)
4(328 357 1314 1285)
4(356 1313 1314 357)
4(329 358 1315 1286)
4(357 1314 1315 358)
4(330 359 1316 1287)
4(358 1315 1316 359)
4(331 360 1317 1288)
4(359 1316 1317 360)
4(332 361 1318 1289)
4(360 1317 1318 361)
4(333 362 1319 1290)
4(361 1318 1319 362)
4(334 363 1320 1291)
4(362 1319 1320 363)
4(335 364 1321 1292)
4(363 1320 1321 364)
4(336 365 1322 1293)
4(364 1321 1322 365)
4(337 366 1323 1294)
4(365 1322 1323 366)
4(338 367 1324 1295)
4(366 1323 1324 367)
4(339 368 1325 1296)
4(367 1324 1325 368)
4(340 369 1326 1297)
4(368 1325 1326 369)
4(341 370 1327 1298)
4(369 1326 1327 370)
4(342 371 1328 1299)
4(370 1327 1328 371)
4(343 372 1329 1300)
4(371 1328 1329 372)
4(344 373 1330 1301)
4(372 1329 1330 373)
4(345 374 1331 1302)
4(373 1330 1331 374)
4(346 375 1332 1303)
4(374 1331 1332 375)
4(375 1332 1333 376)
4(347 376 1333 1304)
4(349 378 1335 1306)
4(377 1334 1335 378)
4(350 379 1336 1307)
4(378 1335 1336 379)
4(351 380 1337 1308)
4(379 1336 1337 380)
4(352 381 1338 1309)
4(380 1337 1338 381)
4(353 382 1339 1310)
4(381 1338 1339 382)
4(354 383 1340 1311)
4(382 1339 1340 383)
4(355 384 1341 1312)
4(383 1340 1341 384)
4(356 385 1342 1313)
4(384 1341 1342 385)
4(357 386 1343 1314)
4(385 1342 1343 386)
4(358 387 1344 1315)
4(386 1343 1344 387)
4(359 388 1345 1316)
4(387 1344 1345 388)
4(360 389 1346 1317)
4(388 1345 1346 389)
4(361 390 1347 1318)
4(389 1346 1347 390)
4(362 391 1348 1319)
4(390 1347 1348 391)
4(363 392 1349 1320)
4(391 1348 1349 392)
4(364 393 1350 1321)
4(392 1349 1350 393)
4(365 394 1351 1322)
4(393 1350 1351 394)
4(366 395 1352 1323)
4(394 1351 1352 395)
4(367 396 1353 1324)
4(395 1352 1353 396)
4(368 397 1354 1325)
4(396 1353 1354 397)
4(369 398 1355 1326)
4(397 1354 1355 398)
4(370 399 1356 1327)
4(398 1355 1356 399)
4(371 400 1357 1328)
4(399 1356 1357 400)
4(372 401 1358 1329)
4(400 1357 1358 401)
4(373 402 1359 1330)
4(401 1358 1359 402)
4(374 403 1360 1331)
4(402 1359 1360 403)
4(375 404 1361 1332)
4(403 1360 1361 404)
4(404 1361 1362 405)
4(376 405 1362 1333)
4(378 407 1364 1335)
4(406 1363 1364 407)
4(379 408 1365 1336)
4(407 1364 1365 408)
4(380 409 1366 1337)
4(408 1365 1366 409)
4(381 410 1367 1338)
4(409 1366 1367 410)
4(382 411 1368 1339)
4(410 1367 1368 411)
4(383 412 1369 1340)
4(411 1368 1369 412)
4(384 413 1370 1341)
4(412 1369 1370 413)
4(385 414 1371 1342)
4(413 1370 1371 414)
4(386 415 1372 1343)
4(414 1371 1372 415)
4(387 416 1373 1344)
4(415 1372 1373 416)
4(388 417 1374 1345)
4(416 1373 1374 417)
4(389 418 1375 1346)
4(417 1374 1375 418)
4(390 419 1376 1347)
4(418 1375 1376 419)
4(391 420 1377 1348)
4(419 1376 1377 420)
4(392 421 1378 1349)
4(420 1377 1378 421)
4(393 422 1379 1350)
4(421 1378 1379 422)
4(394 423 1380 1351)
4(422 1379 1380 423)
4(395 424 1381 1352)
4(423 1380 1381 424)
4(396 425 1382 1353)
4(424 1381 1382 425)
4(397 426 1383 1354)
4(425 1382 1383 426)
4(398 427 1384 1355)
4(426 1383 1384 427)
4(399 428 1385 1356)
4(427 1384 1385 428)
4(400 429 1386 1357)
4(428 1385 1386 429)
4(401 430 1387 1358)
4(429 1386 1387 430)
4(402 431 1388 1359)
4(430 1387 1388 431)
4(403 432 1389 1360)
4(431 1388 1389 432)
4(404 433 1390 1361)
4(432 1389 1390 433)
4(433 1390 1391 434)
4(405 434 1391 1362)
4(407 436 1393 1364)
4(435 1392 1393 436)
4(408 437 1394 1365)
4(436 1393 1394 437)
4(409 438 1395 1366)
4(437 1394 1395 438)
4(410 439 1396 1367)
4(438 1395 1396 439)
4(411 440 1397 1368)
4(439 1396 1397 440)
4(412 441 1398 1369)
4(440 1397 1398 441)
4(413 442 1399 1370)
4(441 1398 1399 442)
4(414 443 1400 1371)
4(442 1399 1400 443)
4(415 444 1401 1372)
4(443 1400 1401 444)
4(416 445 1402 1373)
4(444 1401 1402 445)
4(417 446 1403 1374)
4(445 1402 1403 446)
4(418 447 1404 1375)
4(446 1403 1404 447)
4(419 448 1405 1376)
4(447 1404 1405 448)
4(420 449 1406 1377)
4(448 1405 1406 449)
4(421 450 1407 1378)
4(449 1406 1407 450)
4(422 451 1408 1379)
4(450 1407 1408 451)
4(423 452 1409 1380)
4(451 1408 1409 452)
4(424 453 1410 1381)
4(452 1409 1410 453)
4(425 454 1411 1382)
4(453 1410 1411 454)
4(426 455 1412 1383)
4(454 1411 1412 455)
4(427 456 1413 1384)
4(455 1412 1413 456)
4(428 457 1414 1385)
4(456 1413 1414 457)
4(429 458 1415 1386)
4(457 1414 1415 458)
4(430 459 1416 1387)
4(458 1415 1416 459)
4(431 460 1417 1388)
4(459 1416 1417 460)
4(432 461 1418 1389)
4(460 1417 1418 461)
4(433 462 1419 1390)
4(461 1418 1419 462)
4(462 1419 1420 463)
4(434 463 1420 1391)
4(436 465 1422 1393)
4(464 1421 1422 465)
4(437 466 1423 1394)
4(465 1422 1423 466)
4(438 467 1424 1395)
4(466 1423 1424 467)
4(439 468 1425 1396)
4(467 1424 1425 468)
4(440 469 1426 1397)
4(468 1425 1426 469)
4(441 470 1427 1398)
4(469 1426 1427 470)
4(442 471 1428 1399)
4(470 1427 1428 471)
4(443 472 1429 1400)
4(471 1428 1429 472)
4(444 473 1430 1401)
4(472 1429 1430 473)
4(445 474 1431 1402)
4(473 1430 1431 474)
4(446 475 1432 1403)
4(474 1431 1432 475)
4(447 476 1433 1404)
4(475 1432 1433 476)
4(448 477 1434 1405)
4(476 1433 1434 477)
4(449 478 1435 1406)
4(477 1434 1435 478)
4(450 479 1436 1407)
4(478 1435 1436 479)
4(451 480 1437 1408)
4(479 1436 1437 480)
4(452 481 1438 1409)
4(480 1437 1438 481)
4(453 482 1439 1410)
4(481 1438 1439 482)
4(454 483 1440 1411)
4(482 1439 1440 483)
4(455 484 1441 1412)
4(483 1440 1441 484)
4(456 485 1442 1413)
4(484 1441 1442 485)
4(457 486 1443 1414)
4(485 1442 1443 486)
4(458 487 1444 1415)
4(486 1443 1444 487)
4(459 488 1445 1416)
4(487 1444 1445 488)
4(460 489 1446 1417)
4(488 1445 1446 489)
4(461 490 1447 1418)
4(489 1446 1447 490)
4(462 491 1448 1419)
4(490 1447 1448 491)
4(491 1448 1449 492)
4(463 492 1449 1420)
4(465 494 1451 1422)
4(493 1450 1451 494)
4(466 495 1452 1423)
4(494 1451 1452 495)
4(467 496 1453 1424)
4(495 1452 1453 496)
4(468 497 1454 1425)
4(496 1453 1454 497)
4(469 498 1455 1426)
4(497 1454 1455 498)
4(470 499 1456 1427)
4(498 1455 1456 499)
4(471 500 1457 1428)
4(499 1456 1457 500)
4(472 501 1458 1429)
4(500 1457 1458 501)
4(473 502 1459 1430)
4(501 1458 1459 502)
4(474 503 1460 1431)
4(502 1459 1460 503)
4(475 504 1461 1432)
4(503 1460 1461 504)
4(476 505 1462 1433)
4(504 1461 1462 505)
4(477 506 1463 1434)
4(505 1462 1463 506)
4(478 507 1464 1435)
4(506 1463 1464 507)
4(479 508 1465 1436)
4(507 1464 1465 508)
4(480 509 1466 1437)
4(508 1465 1466 509)
4(481 510 1467 1438)
4(509 1466 1467 510)
4(482 511 1468 1439)
4(510 1467 1468 511)
4(483 512 1469 1440)
4(511 1468 1469 512)
4(484 513 1470 1441)
4(512 1469 1470 513)
4(485 514 1471 1442)
4(513 1470 1471 514)
4(486 515 1472 1443)
4(514 1471 1472 515)
4(487 516 1473 1444)
4(515 1472 1473 516)
4(488 517 1474 1445)
4(516 1473 1474 517)
4(489 518 1475 1446)
4(517 1474 1475 518)
4(490 519 1476 1447)
4(518 1475 1476 519)
4(491 520 1477 1448)
4(519 1476 1477 520)
4(520 1477 1478 521)
4(492 521 1478 1449)
4(494 523 1480 1451)
4(522 1479 1480 523)
4(495 524 1481 1452)
4(523 1480 1481 524)
4(496 525 1482 1453)
4(524 1481 1482 525)
4(497 526 1483 1454)
4(525 1482 1483 526)
4(498 527 1484 1455)
4(526 1483 1484 527)
4(499 528 1485 1456)
4(527 1484 1485 528)
4(500 529 1486 1457)
4(528 1485 1486 529)
4(501 530 1487 1458)
4(529 1486 1487 530)
4(502 531 1488 1459)
4(530 1487 1488 531)
4(503 532 1489 1460)
4(531 1488 1489 532)
4(504 533 1490 1461)
4(532 1489 1490 533)
4(505 534 1491 1462)
4(533 1490 1491 534)
4(506 535 1492 1463)
4(534 1491 1492 535)
4(507 536 1493 1464)
4(535 1492 1493 536)
4(508 537 1494 1465)
4(536 1493 1494 537)
4(509 538 1495 1466)
4(537 1494 1495 538)
4(510 539 1496 1467)
4(538 1495 1496 539)
4(511 540 1497 1468)
4(539 1496 1497 540)
4(512 541 1498 1469)
4(540 1497 1498 541)
4(513 542 1499 1470)
4(541 1498 1499 542)
4(514 543 1500 1471)
4(542 1499 1500 543)
4(515 544 1501 1472)
4(543 1500 1501 544)
4(516 545 1502 1473)
4(544 1501 1502 545)
4(517 546 1503 1474)
4(545 1502 1503 546)
4(518 547 1504 1475)
4(546 1503 1504 547)
4(519 548 1505 1476)
4(547 1504 1505 548)
4(520 549 1506 1477)
4(548 1505 1506 549)
4(549 1506 1507 550)
4(521 550 1507 1478)
4(523 552 1509 1480)
4(551 1508 1509 552)
4(524 553 1510 1481)
4(552 1509 1510 553)
4(525 554 1511 1482)
4(553 1510 1511 554)
4(526 555 1512 1483)
4(554 1511 1512 555)
4(527 556 1513 1484)
4(555 1512 1513 556)
4(528 557 1514 1485)
4(556 1513 1514 557)
4(529 558 1515 1486)
4(557 1514 1515 558)
4(530 559 1516 1487)
4(558 1515 1516 559)
4(531 560 1517 1488)
4(559 1516 1517 560)
4(532 561 1518 1489)
4(560 1517 1518 561)
4(533 562 1519 1490)
4(561 1518 1519 562)
4(534 563 1520 1491)
4(562 1519 1520 563)
4(535 564 1521 1492)
4(563 1520 1521 564)
4(536 565 1522 1493)
4(564 1521 1522 565)
4(537 566 1523 1494)
4(565 1522 1523 566)
4(538 567 1524 1495)
4(566 1523 1524 567)
4(539 568 1525 1496)
4(567 1524 1525 568)
4(540 569 1526 1497)
4(568 1525 1526 569)
4(541 570 1527 1498)
4(569 1526 1527 570)
4(542 571 1528 1499)
4(570 1527 1528 571)
4(543 572 1529 1500)
4(571 1528 1529 572)
4(544 573 1530 1501)
4(572 1529 1530 573)
4(545 574 1531 1502)
4(573 1530 1531 574)
4(546 575 1532 1503)
4(574 1531 1532 575)
4(547 576 1533 1504)
4(575 1532 1533 576)
4(548 577 1534 1505)
4(576 1533 1534 577)
4(549 578 1535 1506)
4(577 1534 1535 578)
4(578 1535 1536 579)
4(550 579 1536 1507)
4(552 581 1538 1509)
4(580 1537 1538 581)
4(553 582 1539 1510)
4(581 1538 1539 582)
4(554 583 1540 1511)
4(582 1539 1540 583)
4(555 584 1541 1512)
4(583 1540 1541 584)
4(556 585 1542 1513)
4(584 1541 1542 585)
4(557 586 1543 1514)
4(585 1542 1543 586)
4(558 587 1544 1515)
4(586 1543 1544 587)
4(559 588 1545 1516)
4(587 1544 1545 588)
4(560 589 1546 1517)
4(588 1545 1546 589)
4(561 590 1547 1518)
4(589 1546 1547 590)
4(562 591 1548 1519)
4(590 1547 1548 591)
4(563 592 1549 1520)
4(591 1548 1549 592)
4(564 593 1550 1521)
4(592 1549 1550 593)
4(565 594 1551 1522)
4(593 1550 1551 594)
4(566 595 1552 1523)
4(594 1551 1552 595)
4(567 596 1553 1524)
4(595 1552 1553 596)
4(568 597 1554 1525)
4(596 1553 1554 597)
4(569 598 1555 1526)
4(597 1554 1555 598)
4(570 599 1556 1527)
4(598 1555 1556 599)
4(571 600 1557 1528)
4(599 1556 1557 600)
4(572 601 1558 1529)
4(600 1557 1558 601)
4(573 602 1559 1530)
4(601 1558 1559 602)
4(574 603 1560 1531)
4(602 1559 1560 603)
4(575 604 1561 1532)
4(603 1560 1561 604)
4(576 605 1562 1533)
4(604 1561 1562 605)
4(577 606 1563 1534)
4(605 1562 1563 606)
4(578 607 1564 1535)
4(606 1563 1564 607)
4(607 1564 1565 608)
4(579 608 1565 1536)
4(581 610 1567 1538)
4(609 1566 1567 610)
4(582 611 1568 1539)
4(610 1567 1568 611)
4(583 612 1569 1540)
4(611 1568 1569 612)
4(584 613 1570 1541)
4(612 1569 1570 613)
4(585 614 1571 1542)
4(613 1570 1571 614)
4(586 615 1572 1543)
4(614 1571 1572 615)
4(587 616 1573 1544)
4(615 1572 1573 616)
4(588 617 1574 1545)
4(616 1573 1574 617)
4(589 618 1575 1546)
4(617 1574 1575 618)
4(590 619 1576 1547)
4(618 1575 1576 619)
4(591 620 1577 1548)
4(619 1576 1577 620)
4(592 621 1578 1549)
4(620 1577 1578 621)
4(593 622 1579 1550)
4(621 1578 1579 622)
4(594 623 1580 1551)
4(622 1579 1580 623)
4(595 624 1581 1552)
4(623 1580 1581 624)
4(596 625 1582 1553)
4(624 1581 1582 625)
4(597 626 1583 1554)
4(625 1582 1583 626)
4(598 627 1584 1555)
4(626 1583 1584 627)
4(599 628 1585 1556)
4(627 1584 1585 628)
4(600 629 1586 1557)
4(628 1585 1586 629)
4(601 630 1587 1558)
4(629 1586 1587 630)
4(602 631 1588 1559)
4(630 1587 1588 631)
4(603 632 1589 1560)
4(631 1588 1589 632)
4(604 633 1590 1561)
4(632 1589 1590 633)
4(605 634 1591 1562)
4(633 1590 1591 634)
4(606 635 1592 1563)
4(634 1591 1592 635)
4(607 636 1593 1564)
4(635 1592 1593 636)
4(636 1593 1594 637)
4(608 637 1594 1565)
4(610 639 1596 1567)
4(638 1595 1596 639)
4(611 640 1597 1568)
4(639 1596 1597 640)
4(612 641 1598 1569)
4(640 1597 1598 641)
4(613 642 1599 1570)
4(641 1598 1599 642)
4(614 643 1600 1571)
4(642 1599 1600 643)
4(615 644 1601 1572)
4(643 1600 1601 644)
4(616 645 1602 1573)
4(644 1601 1602 645)
4(617 646 1603 1574)
4(645 1602 1603 646)
4(618 647 1604 1575)
4(646 1603 1604 647)
4(619 648 1605 1576)
4(647 1604 1605 648)
4(620 649 1606 1577)
4(648 1605 1606 649)
4(621 650 1607 1578)
4(649 1606 1607 650)
4(622 651 1608 1579)
4(650 1607 1608 651)
4(623 652 1609 1580)
4(651 1608 1609 652)
4(624 653 1610 1581)
4(652 1609 1610 653)
4(625 654 1611 1582)
4(653 1610 1611 654)
4(626 655 1612 1583)
4(654 1611 1612 655)
4(627 656 1613 1584)
4(655 1612 1613 656)
4(628 657 1614 1585)
4(656 1613 1614 657)
4(629 658 1615 1586)
4(657 1614 1615 658)
4(630 659 1616 1587)
4(658 1615 1616 659)
4(631 660 1617 1588)
4(659 1616 1617 660)
4(632 661 1618 1589)
4(660 1617 1618 661)
4(633 662 1619 1590)
4(661 1618 1619 662)
4(634 663 1620 1591)
4(662 1619 1620 663)
4(635 664 1621 1592)
4(663 1620 1621 664)
4(636 665 1622 1593)
4(664 1621 1622 665)
4(665 1622 1623 666)
4(637 666 1623 1594)
4(639 668 1625 1596)
4(667 1624 1625 668)
4(640 669 1626 1597)
4(668 1625 1626 669)
4(641 670 1627 1598)
4(669 1626 1627 670)
4(642 671 1628 1599)
4(670 1627 1628 671)
4(643 672 1629 1600)
4(671 1628 1629 672)
4(644 673 1630 1601)
4(672 1629 1630 673)
4(645 674 1631 1602)
4(673 1630 1631 674)
4(646 675 1632 1603)
4(674 1631 1632 675)
4(647 676 1633 1604)
4(675 1632 1633 676)
4(648 677 1634 1605)
4(676 1633 1634 677)
4(649 678 1635 1606)
4(677 1634 1635 678)
4(650 679 1636 1607)
4(678 1635 1636 679)
4(651 680 1637 1608)
4(679 1636 1637 680)
4(652 681 1638 1609)
4(680 1637 1638 681)
4(653 682 1639 1610)
4(681 1638 1639 682)
4(654 683 1640 1611)
4(682 1639 1640 683)
4(655 684 1641 1612)
4(683 1640 1641 684)
4(656 685 1642 1613)
4(684 1641 1642 685)
4(657 686 1643 1614)
4(685 1642 1643 686)
4(658 687 1644 1615)
4(686 1643 1644 687)
4(659 688 1645 1616)
4(687 1644 1645 688)
4(660 689 1646 1617)
4(688 1645 1646 689)
4(661 690 1647 1618)
4(689 1646 1647 690)
4(662 691 1648 1619)
4(690 1647 1648 691)
4(663 692 1649 1620)
4(691 1648 1649 692)
4(664 693 1650 1621)
4(692 1649 1650 693)
4(665 694 1651 1622)
4(693 1650 1651 694)
4(694 1651 1652 695)
4(666 695 1652 1623)
4(668 697 1654 1625)
4(696 1653 1654 697)
4(669 698 1655 1626)
4(697 1654 1655 698)
4(670 699 1656 1627)
4(698 1655 1656 699)
4(671 700 1657 1628)
4(699 1656 1657 700)
4(672 701 1658 1629)
4(700 1657 1658 701)
4(673 702 1659 1630)
4(701 1658 1659 702)
4(674 703 1660 1631)
4(702 1659 1660 703)
4(675 704 1661 1632)
4(703 1660 1661 704)
4(676 705 1662 1633)
4(704 1661 1662 705)
4(677 706 1663 1634)
4(705 1662 1663 706)
4(678 707 1664 1635)
4(706 1663 1664 707)
4(679 708 1665 1636)
4(707 1664 1665 708)
4(680 709 1666 1637)
4(708 1665 1666 709)
4(681 710 1667 1638)
4(709 1666 1667 710)
4(682 711 1668 1639)
4(710 1667 1668 711)
4(683 712 1669 1640)
4(711 1668 1669 712)
4(684 713 1670 1641)
4(712 1669 1670 713)
4(685 714 1671 1642)
4(713 1670 1671 714)
4(686 715 1672 1643)
4(714 1671 1672 715)
4(687 716 1673 1644)
4(715 1672 1673 716)
4(688 717 1674 1645)
4(716 1673 1674 717)
4(689 718 1675 1646)
4(717 1674 1675 718)
4(690 719 1676 1647)
4(718 1675 1676 719)
4(691 720 1677 1648)
4(719 1676 1677 720)
4(692 721 1678 1649)
4(720 1677 1678 721)
4(693 722 1679 1650)
4(721 1678 1679 722)
4(694 723 1680 1651)
4(722 1679 1680 723)
4(723 1680 1681 724)
4(695 724 1681 1652)
4(697 726 1683 1654)
4(725 1682 1683 726)
4(698 727 1684 1655)
4(726 1683 1684 727)
4(699 728 1685 1656)
4(727 1684 1685 728)
4(700 729 1686 1657)
4(728 1685 1686 729)
4(701 730 1687 1658)
4(729 1686 1687 730)
4(702 731 1688 1659)
4(730 1687 1688 731)
4(703 732 1689 1660)
4(731 1688 1689 732)
4(704 733 1690 1661)
4(732 1689 1690 733)
4(705 734 1691 1662)
4(733 1690 1691 734)
4(706 735 1692 1663)
4(734 1691 1692 735)
4(707 736 1693 1664)
4(735 1692 1693 736)
4(708 737 1694 1665)
4(736 1693 1694 737)
4(709 738 1695 1666)
4(737 1694 1695 738)
4(710 739 1696 1667)
4(738 1695 1696 739)
4(711 740 1697 1668)
4(739 1696 1697 740)
4(712 741 1698 1669)
4(740 1697 1698 741)
4(713 742 1699 1670)
4(741 1698 1699 742)
4(714 743 1700 1671)
4(742 1699 1700 743)
4(715 744 1701 1672)
4(743 1700 1701 744)
4(716 745 1702 1673)
4(744 1701 1702 745)
4(717 746 1703 1674)
4(745 1702 1703 746)
4(718 747 1704 1675)
4(746 1703 1704 747)
4(719 748 1705 1676)
4(747 1704 1705 748)
4(720 749 1706 1677)
4(748 1705 1706 749)
4(721 750 1707 1678)
4(749 1706 1707 750)
4(722 751 1708 1679)
4(750 1707 1708 751)
4(723 752 1709 1680)
4(751 1708 1709 752)
4(752 1709 1710 753)
4(724 753 1710 1681)
4(726 755 1712 1683)
4(754 1711 1712 755)
4(727 756 1713 1684)
4(755 1712 1713 756)
4(728 757 1714 1685)
4(756 1713 1714 757)
4(729 758 1715 1686)
4(757 1714 1715 758)
4(730 759 1716 1687)
4(758 1715 1716 759)
4(731 760 1717 1688)
4(759 1716 1717 760)
4(732 761 1718 1689)
4(760 1717 1718 761)
4(733 762 1719 1690)
4(761 1718 1719 762)
4(734 763 1720 1691)
4(762 1719 1720 763)
4(735 764 1721 1692)
4(763 1720 1721 764)
4(736 765 1722 1693)
4(764 1721 1722 765)
4(737 766 1723 1694)
4(765 1722 1723 766)
4(738 767 1724 1695)
4(766 1723 1724 767)
4(739 768 1725 1696)
4(767 1724 1725 768)
4(740 769 1726 1697)
4(768 1725 1726 769)
4(741 770 1727 1698)
4(769 1726 1727 770)
4(742 771 1728 1699)
4(770 1727 1728 771)
4(743 772 1729 1700)
4(771 1728 1729 772)
4(744 773 1730 1701)
4(772 1729 1730 773)
4(745 774 1731 1702)
4(773 1730 1731 774)
4(746 775 1732 1703)
4(774 1731 1732 775)
4(747 776 1733 1704)
4(775 1732 1733 776)
4(748 777 1734 1705)
4(776 1733 1734 777)
4(749 778 1735 1706)
4(777 1734 1735 778)
4(750 779 1736 1707)
4(778 1735 1736 779)
4(751 780 1737 1708)
4(779 1736 1737 780)
4(752 781 1738 1709)
4(780 1737 1738 781)
4(781 1738 1739 782)
4(753 782 1739 1710)
4(755 784 1741 1712)
4(783 1740 1741 784)
4(756 785 1742 1713)
4(784 1741 1742 785)
4(757 786 1743 1714)
4(785 1742 1743 786)
4(758 787 1744 1715)
4(786 1743 1744 787)
4(759 788 1745 1716)
4(787 1744 1745 788)
4(760 789 1746 1717)
4(788 1745 1746 789)
4(761 790 1747 1718)
4(789 1746 1747 790)
4(762 791 1748 1719)
4(790 1747 1748 791)
4(763 792 1749 1720)
4(791 1748 1749 792)
4(764 793 1750 1721)
4(792 1749 1750 793)
4(765 794 1751 1722)
4(793 1750 1751 794)
4(766 795 1752 1723)
4(794 1751 1752 795)
4(767 796 1753 1724)
4(795 1752 1753 796)
4(768 797 1754 1725)
4(796 1753 1754 797)
4(769 798 1755 1726)
4(797 1754 1755 798)
4(770 799 1756 1727)
4(798 1755 1756 799)
4(771 800 1757 1728)
4(799 1756 1757 800)
4(772 801 1758 1729)
4(800 1757 1758 801)
4(773 802 1759 1730)
4(801 1758 1759 802)
4(774 803 1760 1731)
4(802 1759 1760 803)
4(775 804 1761 1732)
4(803 1760 1761 804)
4(776 805 1762 1733)
4(804 1761 1762 805)
4(777 806 1763 1734)
4(805 1762 1763 806)
4(778 807 1764 1735)
4(806 1763 1764 807)
4(779 808 1765 1736)
4(807 1764 1765 808)
4(780 809 1766 1737)
4(808 1765 1766 809)
4(781 810 1767 1738)
4(809 1766 1767 810)
4(810 1767 1768 811)
4(782 811 1768 1739)
4(784 813 1770 1741)
4(812 1769 1770 813)
4(785 814 1771 1742)
4(813 1770 1771 814)
4(786 815 1772 1743)
4(814 1771 1772 815)
4(787 816 1773 1744)
4(815 1772 1773 816)
4(788 817 1774 1745)
4(816 1773 1774 817)
4(789 818 1775 1746)
4(817 1774 1775 818)
4(790 819 1776 1747)
4(818 1775 1776 819)
4(791 820 1777 1748)
4(819 1776 1777 820)
4(792 821 1778 1749)
4(820 1777 1778 821)
4(793 822 1779 1750)
4(821 1778 1779 822)
4(794 823 1780 1751)
4(822 1779 1780 823)
4(795 824 1781 1752)
4(823 1780 1781 824)
4(796 825 1782 1753)
4(824 1781 1782 825)
4(797 826 1783 1754)
4(825 1782 1783 826)
4(798 827 1784 1755)
4(826 1783 1784 827)
4(799 828 1785 1756)
4(827 1784 1785 828)
4(800 829 1786 1757)
4(828 1785 1786 829)
4(801 830 1787 1758)
4(829 1786 1787 830)
4(802 831 1788 1759)
4(830 1787 1788 831)
4(803 832 1789 1760)
4(831 1788 1789 832)
4(804 833 1790 1761)
4(832 1789 1790 833)
4(805 834 1791 1762)
4(833 1790 1791 834)
4(806 835 1792 1763)
4(834 1791 1792 835)
4(807 836 1793 1764)
4(835 1792 1793 836)
4(808 837 1794 1765)
4(836 1793 1794 837)
4(809 838 1795 1766)
4(837 1794 1795 838)
4(810 839 1796 1767)
4(838 1795 1796 839)
4(839 1796 1797 840)
4(811 840 1797 1768)
4(813 842 1799 1770)
4(841 1798 1799 842)
4(814 843 1800 1771)
4(842 1799 1800 843)
4(815 844 1801 1772)
4(843 1800 1801 844)
4(816 845 1802 1773)
4(844 1801 1802 845)
4(817 846 1803 1774)
4(845 1802 1803 846)
4(818 847 1804 1775)
4(846 1803 1804 847)
4(819 848 1805 1776)
4(847 1804 1805 848)
4(820 849 1806 1777)
4(848 1805 1806 849)
4(821 850 1807 1778)
4(849 1806 1807 850)
4(822 851 1808 1779)
4(850 1807 1808 851)
4(823 852 1809 1780)
4(851 1808 1809 852)
4(824 853 1810 1781)
4(852 1809 1810 853)
4(825 854 1811 1782)
4(853 1810 1811 854)
4(826 855 1812 1783)
4(854 1811 1812 855)
4(827 856 1813 1784)
4(855 1812 1813 856)
4(828 857 1814 1785)
4(856 1813 1814 857)
4(829 858 1815 1786)
4(857 1814 1815 858)
4(830 859 1816 1787)
4(858 1815 1816 859)
4(831 860 1817 1788)
4(859 1816 1817 860)
4(832 861 1818 1789)
4(860 1817 1818 861)
4(833 862 1819 1790)
4(861 1818 1819 862)
4(834 863 1820 1791)
4(862 1819 1820 863)
4(835 864 1821 1792)
4(863 1820 1821 864)
4(836 865 1822 1793)
4(864 1821 1822 865)
4(837 866 1823 1794)
4(865 1822 1823 866)
4(838 867 1824 1795)
4(866 1823 1824 867)
4(839 868 1825 1796)
4(867 1824 1825 868)
4(868 1825 1826 869)
4(840 869 1826 1797)
4(842 871 1828 1799)
4(870 1827 1828 871)
4(843 872 1829 1800)
4(871 1828 1829 872)
4(844 873 1830 1801)
4(872 1829 1830 873)
4(845 874 1831 1802)
4(873 1830 1831 874)
4(846 875 1832 1803)
4(874 1831 1832 875)
4(847 876 1833 1804)
4(875 1832 1833 876)
4(848 877 1834 1805)
4(876 1833 1834 877)
4(849 878 1835 1806)
4(877 1834 1835 878)
4(850 879 1836 1807)
4(878 1835 1836 879)
4(851 880 1837 1808)
4(879 1836 1837 880)
4(852 881 1838 1809)
4(880 1837 1838 881)
4(853 882 1839 1810)
4(881 1838 1839 882)
4(854 883 1840 1811)
4(882 1839 1840 883)
4(855 884 1841 1812)
4(883 1840 1841 884)
4(856 885 1842 1813)
4(884 1841 1842 885)
4(857 886 1843 1814)
4(885 1842 1843 886)
4(858 887 1844 1815)
4(886 1843 1844 887)
4(859 888 1845 1816)
4(887 1844 1845 888)
4(860 889 1846 1817)
4(888 1845 1846 889)
4(861 890 1847 1818)
4(889 1846 1847 890)
4(862 891 1848 1819)
4(890 1847 1848 891)
4(863 892 1849 1820)
4(891 1848 1849 892)
4(864 893 1850 1821)
4(892 1849 1850 893)
4(865 894 1851 1822)
4(893 1850 1851 894)
4(866 895 1852 1823)
4(894 1851 1852 895)
4(867 896 1853 1824)
4(895 1852 1853 896)
4(868 897 1854 1825)
4(896 1853 1854 897)
4(897 1854 1855 898)
4(869 898 1855 1826)
4(871 900 1857 1828)
4(899 1856 1857 900)
4(872 901 1858 1829)
4(900 1857 1858 901)
4(873 902 1859 1830)
4(901 1858 1859 902)
4(874 903 1860 1831)
4(902 1859 1860 903)
4(875 904 1861 1832)
4(903 1860 1861 904)
4(876 905 1862 1833)
4(904 1861 1862 905)
4(877 906 1863 1834)
4(905 1862 1863 906)
4(878 907 1864 1835)
4(906 1863 1864 907)
4(879 908 1865 1836)
4(907 1864 1865 908)
4(880 909 1866 1837)
4(908 1865 1866 909)
4(881 910 1867 1838)
4(909 1866 1867 910)
4(882 911 1868 1839)
4(910 1867 1868 911)
4(883 912 1869 1840)
4(911 1868 1869 912)
4(884 913 1870 1841)
4(912 1869 1870 913)
4(885 914 1871 1842)
4(913 1870 1871 914)
4(886 915 1872 1843)
4(914 1871 1872 915)
4(887 916 1873 1844)
4(915 1872 1873 916)
4(888 917 1874 1845)
4(916 1873 1874 917)
4(889 918 1875 1846)
4(917 1874 1875 918)
4(890 919 1876 1847)
4(918 1875 1876 919)
4(891 920 1877 1848)
4(919 1876 1877 920)
4(892 921 1878 1849)
4(920 1877 1878 921)
4(893 922 1879 1850)
4(921 1878 1879 922)
4(894 923 1880 1851)
4(922 1879 1880 923)
4(895 924 1881 1852)
4(923 1880 1881 924)
4(896 925 1882 1853)
4(924 1881 1882 925)
4(897 926 1883 1854)
4(925 1882 1883 926)
4(926 1883 1884 927)
4(898 927 1884 1855)
4(900 929 1886 1857)
4(901 930 1887 1858)
4(902 931 1888 1859)
4(903 932 1889 1860)
4(904 933 1890 1861)
4(905 934 1891 1862)
4(906 935 1892 1863)
4(907 936 1893 1864)
4(908 937 1894 1865)
4(909 938 1895 1866)
4(910 939 1896 1867)
4(911 940 1897 1868)
4(912 941 1898 1869)
4(913 942 1899 1870)
4(914 943 1900 1871)
4(915 944 1901 1872)
4(916 945 1902 1873)
4(917 946 1903 1874)
4(918 947 1904 1875)
4(919 948 1905 1876)
4(920 949 1906 1877)
4(921 950 1907 1878)
4(922 951 1908 1879)
4(923 952 1909 1880)
4(924 953 1910 1881)
4(925 954 1911 1882)
4(926 955 1912 1883)
4(927 956 1913 1884)
4(1915 1948 2014 1981)
4(1980 1981 2014 2013)
4(1916 1949 2015 1982)
4(1981 1982 2015 2014)
4(1917 1950 2016 1983)
4(1982 1983 2016 2015)
4(1918 1951 2017 1984)
4(1983 1984 2017 2016)
4(1919 1952 2018 1985)
4(1984 1985 2018 2017)
4(1920 1953 2019 1986)
4(1985 1986 2019 2018)
4(1921 1954 2020 1987)
4(1986 1987 2020 2019)
4(1922 1955 2021 1988)
4(1987 1988 2021 2020)
4(1923 1956 2022 1989)
4(1988 1989 2022 2021)
4(1924 1957 2023 1990)
4(1989 1990 2023 2022)
4(1925 1958 2024 1991)
4(1990 1991 2024 2023)
4(1926 1959 2025 1992)
4(1991 1992 2025 2024)
4(1927 1960 2026 1993)
4(1992 1993 2026 2025)
4(1928 1961 2027 1994)
4(1993 1994 2027 2026)
4(1929 1962 2028 1995)
4(1994 1995 2028 2027)
4(1930 1963 2029 1996)
4(1995 1996 2029 2028)
4(1931 1964 2030 1997)
4(1996 1997 2030 2029)
4(1932 1965 2031 1998)
4(1997 1998 2031 2030)
4(1933 1966 2032 1999)
4(1998 1999 2032 2031)
4(1934 1967 2033 2000)
4(1999 2000 2033 2032)
4(1935 1968 2034 2001)
4(2000 2001 2034 2033)
4(1936 1969 2035 2002)
4(2001 2002 2035 2034)
4(1937 1970 2036 2003)
4(2002 2003 2036 2035)
4(1938 1971 2037 2004)
4(2003 2004 2037 2036)
4(1939 1972 2038 2005)
4(2004 2005 2038 2037)
4(1940 1973 2039 2006)
4(2005 2006 2039 2038)
4(1941 1974 2040 2007)
4(2006 2007 2040 2039)
4(1942 1975 2041 2008)
4(2007 2008 2041 2040)
4(1943 1976 2042 2009)
4(2008 2009 2042 2041)
4(1944 1977 2043 2010)
4(2009 2010 2043 2042)
4(1945 1978 2044 2011)
4(2010 2011 2044 2043)
4(2011 2012 2045 2044)
4(1981 2014 2080 2047)
4(2046 2047 2080 2079)
4(1982 2015 2081 2048)
4(2047 2048 2081 2080)
4(1983 2016 2082 2049)
4(2048 2049 2082 2081)
4(1984 2017 2083 2050)
4(2049 2050 2083 2082)
4(1985 2018 2084 2051)
4(2050 2051 2084 2083)
4(1986 2019 2085 2052)
4(2051 2052 2085 2084)
4(1987 2020 2086 2053)
4(2052 2053 2086 2085)
4(1988 2021 2087 2054)
4(2053 2054 2087 2086)
4(1989 2022 2088 2055)
4(2054 2055 2088 2087)
4(1990 2023 2089 2056)
4(2055 2056 2089 2088)
4(1991 2024 2090 2057)
4(2056 2057 2090 2089)
4(1992 2025 2091 2058)
4(2057 2058 2091 2090)
4(1993 2026 2092 2059)
4(2058 2059 2092 2091)
4(1994 2027 2093 2060)
4(2059 2060 2093 2092)
4(1995 2028 2094 2061)
4(2060 2061 2094 2093)
4(1996 2029 2095 2062)
4(2061 2062 2095 2094)
4(1997 2030 2096 2063)
4(2062 2063 2096 2095)
4(1998 2031 2097 2064)
4(2063 2064 2097 2096)
4(1999 2032 2098 2065)
4(2064 2065 2098 2097)
4(2000 2033 2099 2066)
4(2065 2066 2099 2098)
4(2001 2034 2100 2067)
4(2066 2067 2100 2099)
4(2002 2035 2101 2068)
4(2067 2068 2101 2100)
4(2003 2036 2102 2069)
4(2068 2069 2102 2101)
4(2004 2037 2103 2070)
4(2069 2070 2103 2102)
4(2005 2038 2104 2071)
4(2070 2071 2104 2103)
4(2006 2039 2105 2072)
4(2071 2072 2105 2104)
4(2007 2040 2106 2073)
4(2072 2073 2106 2105)
4(2008 2041 2107 2074)
4(2073 2074 2107 2106)
4(2009 2042 2108 2075)
4(2074 2075 2108 2107)
4(2010 2043 2109 2076)
4(2075 2076 2109 2108)
4(2011 2044 2110 2077)
4(2076 2077 2110 2109)
4(2077 2078 2111 2110)
4(2047 2080 2146 2113)
4(2112 2113 2146 2145)
4(2048 2081 2147 2114)
4(2113 2114 2147 2146)
4(2049 2082 2148 2115)
4(2114 2115 2148 2147)
4(2050 2083 2149 2116)
4(2115 2116 2149 2148)
4(2051 2084 2150 2117)
4(2116 2117 2150 2149)
4(2052 2085 2151 2118)
4(2117 2118 2151 2150)
4(2053 2086 2152 2119)
4(2118 2119 2152 2151)
4(2054 2087 2153 2120)
4(2119 2120 2153 2152)
4(2055 2088 2154 2121)
4(2120 2121 2154 2153)
4(2056 2089 2155 2122)
4(2121 2122 2155 2154)
4(2057 2090 2156 2123)
4(2122 2123 2156 2155)
4(2058 2091 2157 2124)
4(2123 2124 2157 2156)
4(2059 2092 2158 2125)
4(2124 2125 2158 2157)
4(2060 2093 2159 2126)
4(2125 2126 2159 2158)
4(2061 2094 2160 2127)
4(2126 2127 2160 2159)
4(2062 2095 2161 2128)
4(2127 2128 2161 2160)
4(2063 2096 2162 2129)
4(2128 2129 2162 2161)
4(2064 2097 2163 2130)
4(2129 2130 2163 2162)
4(2065 2098 2164 2131)
4(2130 2131 2164 2163)
4(2066 2099 2165 2132)
4(2131 2132 2165 2164)
4(2067 2100 2166 2133)
4(2132 2133 2166 2165)
4(2068 2101 2167 2134)
4(2133 2134 2167 2166)
4(2069 2102 2168 2135)
4(2134 2135 2168 2167)
4(2070 2103 2169 2136)
4(2135 2136 2169 2168)
4(2071 2104 2170 2137)
4(2136 2137 2170 2169)
4(2072 2105 2171 2138)
4(2137 2138 2171 2170)
4(2073 2106 2172 2139)
4(2138 2139 2172 2171)
4(2074 2107 2173 2140)
4(2139 2140 2173 2172)
4(2075 2108 2174 2141)
4(2140 2141 2174 2173)
4(2076 2109 2175 2142)
4(2141 2142 2175 2174)
4(2077 2110 2176 2143)
4(2142 2143 2176 2175)
4(2143 2144 2177 2176)
4(2113 2146 57 1014)
4(2114 2147 86 1043)
4(2115 2148 115 1072)
4(2116 2149 144 1101)
4(2117 2150 173 1130)
4(2118 2151 202 1159)
4(2119 2152 231 1188)
4(2120 2153 260 1217)
4(2121 2154 289 1246)
4(2122 2155 318 1275)
4(2123 2156 347 1304)
4(2124 2157 376 1333)
4(2125 2158 405 1362)
4(2126 2159 434 1391)
4(2127 2160 463 1420)
4(2128 2161 492 1449)
4(2129 2162 521 1478)
4(2130 2163 550 1507)
4(2131 2164 579 1536)
4(2132 2165 608 1565)
4(2133 2166 637 1594)
4(2134 2167 666 1623)
4(2135 2168 695 1652)
4(2136 2169 724 1681)
4(2137 2170 753 1710)
4(2138 2171 782 1739)
4(2139 2172 811 1768)
4(2140 2173 840 1797)
4(2141 2174 869 1826)
4(2142 2175 898 1855)
4(2143 2176 927 1884)
4(1914 1980 2013 1947)
4(1980 2046 2079 2013)
4(2046 2112 2145 2079)
4(2112 985 28 2145)
4(928 1885 1886 929)
4(929 1886 1887 930)
4(930 1887 1888 931)
4(931 1888 1889 932)
4(932 1889 1890 933)
4(933 1890 1891 934)
4(934 1891 1892 935)
4(935 1892 1893 936)
4(936 1893 1894 937)
4(937 1894 1895 938)
4(938 1895 1896 939)
4(939 1896 1897 940)
4(940 1897 1898 941)
4(941 1898 1899 942)
4(942 1899 1900 943)
4(943 1900 1901 944)
4(944 1901 1902 945)
4(945 1902 1903 946)
4(946 1903 1904 947)
4(947 1904 1905 948)
4(948 1905 1906 949)
4(949 1906 1907 950)
4(950 1907 1908 951)
4(951 1908 1909 952)
4(952 1909 1910 953)
4(953 1910 1911 954)
4(954 1911 1912 955)
4(955 1912 1913 956)
4(0 1 958 957)
4(1 2 959 958)
4(2 3 960 959)
4(3 4 961 960)
4(4 5 962 961)
4(5 6 963 962)
4(6 7 964 963)
4(7 8 965 964)
4(8 9 966 965)
4(9 10 967 966)
4(10 11 968 967)
4(11 12 969 968)
4(12 13 970 969)
4(13 14 971 970)
4(14 15 972 971)
4(15 16 973 972)
4(16 17 974 973)
4(17 18 975 974)
4(18 19 976 975)
4(19 20 977 976)
4(20 21 978 977)
4(21 22 979 978)
4(22 23 980 979)
4(23 24 981 980)
4(24 25 982 981)
4(25 26 983 982)
4(26 27 984 983)
4(27 28 985 984)
4(957 958 987 986)
4(986 987 1016 1015)
4(1015 1016 1045 1044)
4(1044 1045 1074 1073)
4(1073 1074 1103 1102)
4(1102 1103 1132 1131)
4(1131 1132 1161 1160)
4(1160 1161 1190 1189)
4(1189 1190 1219 1218)
4(1218 1219 1248 1247)
4(1247 1248 1277 1276)
4(1276 1277 1306 1305)
4(1305 1306 1335 1334)
4(1334 1335 1364 1363)
4(1363 1364 1393 1392)
4(1392 1393 1422 1421)
4(1421 1422 1451 1450)
4(1450 1451 1480 1479)
4(1479 1480 1509 1508)
4(1508 1509 1538 1537)
4(1537 1538 1567 1566)
4(1566 1567 1596 1595)
4(1595 1596 1625 1624)
4(1624 1625 1654 1653)
4(1653 1654 1683 1682)
4(1682 1683 1712 1711)
4(1711 1712 1741 1740)
4(1740 1741 1770 1769)
4(1769 1770 1799 1798)
4(1798 1799 1828 1827)
4(1827 1828 1857 1856)
4(1856 1857 1886 1885)
4(958 959 988 987)
4(987 988 1017 1016)
4(1016 1017 1046 1045)
4(1045 1046 1075 1074)
4(1074 1075 1104 1103)
4(1103 1104 1133 1132)
4(1132 1133 1162 1161)
4(1161 1162 1191 1190)
4(1190 1191 1220 1219)
4(1219 1220 1249 1248)
4(1248 1249 1278 1277)
4(1277 1278 1307 1306)
4(1306 1307 1336 1335)
4(1335 1336 1365 1364)
4(1364 1365 1394 1393)
4(1393 1394 1423 1422)
4(1422 1423 1452 1451)
4(1451 1452 1481 1480)
4(1480 1481 1510 1509)
4(1509 1510 1539 1538)
4(1538 1539 1568 1567)
4(1567 1568 1597 1596)
4(1596 1597 1626 1625)
4(1625 1626 1655 1654)
4(1654 1655 1684 1683)
4(1683 1684 1713 1712)
4(1712 1713 1742 1741)
4(1741 1742 1771 1770)
4(1770 1771 1800 1799)
4(1799 1800 1829 1828)
4(1828 1829 1858 1857)
4(1857 1858 1887 1886)
4(959 960 989 988)
4(988 989 1018 1017)
4(1017 1018 1047 1046)
4(1046 1047 1076 1075)
4(1075 1076 1105 1104)
4(1104 1105 1134 1133)
4(1133 1134 1163 1162)
4(1162 1163 1192 1191)
4(1191 1192 1221 1220)
4(1220 1221 1250 1249)
4(1249 1250 1279 1278)
4(1278 1279 1308 1307)
4(1307 1308 1337 1336)
4(1336 1337 1366 1365)
4(1365 1366 1395 1394)
4(1394 1395 1424 1423)
4(1423 1424 1453 1452)
4(1452 1453 1482 1481)
4(1481 1482 1511 1510)
4(1510 1511 1540 1539)
4(1539 1540 1569 1568)
4(1568 1569 1598 1597)
4(1597 1598 1627 1626)
4(1626 1627 1656 1655)
4(1655 1656 1685 1684)
4(1684 1685 1714 1713)
4(1713 1714 1743 1742)
4(1742 1743 1772 1771)
4(1771 1772 1801 1800)
4(1800 1801 1830 1829)
4(1829 1830 1859 1858)
4(1858 1859 1888 1887)
4(960 961 990 989)
4(989 990 1019 1018)
4(1018 1019 1048 1047)
4(1047 1048 1077 1076)
4(1076 1077 1106 1105)
4(1105 1106 1135 1134)
4(1134 1135 1164 1163)
4(1163 1164 1193 1192)
4(1192 1193 1222 1221)
4(1221 1222 1251 1250)
4(1250 1251 1280 1279)
4(1279 1280 1309 1308)
4(1308 1309 1338 1337)
4(1337 1338 1367 1366)
4(1366 1367 1396 1395)
4(1395 1396 1425 1424)
4(1424 1425 1454 1453)
4(1453 1454 1483 1482)
4(1482 1483 1512 1511)
4(1511 1512 1541 1540)
4(1540 1541 1570 1569)
4(1569 1570 1599 1598)
4(1598 1599 1628 1627)
4(1627 1628 1657 1656)
4(1656 1657 1686 1685)
4(1685 1686 1715 1714)
4(1714 1715 1744 1743)
4(1743 1744 1773 1772)
4(1772 1773 1802 1801)
4(1801 1802 1831 1830)
4(1830 1831 1860 1859)
4(1859 1860 1889 1888)
4(961 962 991 990)
4(990 991 1020 1019)
4(1019 1020 1049 1048)
4(1048 1049 1078 1077)
4(1077 1078 1107 1106)
4(1106 1107 1136 1135)
4(1135 1136 1165 1164)
4(1164 1165 1194 1193)
4(1193 1194 1223 1222)
4(1222 1223 1252 1251)
4(1251 1252 1281 1280)
4(1280 1281 1310 1309)
4(1309 1310 1339 1338)
4(1338 1339 1368 1367)
4(1367 1368 1397 1396)
4(1396 1397 1426 1425)
4(1425 1426 1455 1454)
4(1454 1455 1484 1483)
4(1483 1484 1513 1512)
4(1512 1513 1542 1541)
4(1541 1542 1571 1570)
4(1570 1571 1600 1599)
4(1599 1600 1629 1628)
4(1628 1629 1658 1657)
4(1657 1658 1687 1686)
4(1686 1687 1716 1715)
4(1715 1716 1745 1744)
4(1744 1745 1774 1773)
4(1773 1774 1803 1802)
4(1802 1803 1832 1831)
4(1831 1832 1861 1860)
4(1860 1861 1890 1889)
4(962 963 992 991)
4(991 992 1021 1020)
4(1020 1021 1050 1049)
4(1049 1050 1079 1078)
4(1078 1079 1108 1107)
4(1107 1108 1137 1136)
4(1136 1137 1166 1165)
4(1165 1166 1195 1194)
4(1194 1195 1224 1223)
4(1223 1224 1253 1252)
4(1252 1253 1282 1281)
4(1281 1282 1311 1310)
4(1310 1311 1340 1339)
4(1339 1340 1369 1368)
4(1368 1369 1398 1397)
4(1397 1398 1427 1426)
4(1426 1427 1456 1455)
4(1455 1456 1485 1484)
4(1484 1485 1514 1513)
4(1513 1514 1543 1542)
4(1542 1543 1572 1571)
4(1571 1572 1601 1600)
4(1600 1601 1630 1629)
4(1629 1630 1659 1658)
4(1658 1659 1688 1687)
4(1687 1688 1717 1716)
4(1716 1717 1746 1745)
4(1745 1746 1775 1774)
4(1774 1775 1804 1803)
4(1803 1804 1833 1832)
4(1832 1833 1862 1861)
4(1861 1862 1891 1890)
4(963 964 993 992)
4(992 993 1022 1021)
4(1021 1022 1051 1050)
4(1050 1051 1080 1079)
4(1079 1080 1109 1108)
4(1108 1109 1138 1137)
4(1137 1138 1167 1166)
4(1166 1167 1196 1195)
4(1195 1196 1225 1224)
4(1224 1225 1254 1253)
4(1253 1254 1283 1282)
4(1282 1283 1312 1311)
4(1311 1312 1341 1340)
4(1340 1341 1370 1369)
4(1369 1370 1399 1398)
4(1398 1399 1428 1427)
4(1427 1428 1457 1456)
4(1456 1457 1486 1485)
4(1485 1486 1515 1514)
4(1514 1515 1544 1543)
4(1543 1544 1573 1572)
4(1572 1573 1602 1601)
4(1601 1602 1631 1630)
4(1630 1631 1660 1659)
4(1659 1660 1689 1688)
4(1688 1689 1718 1717)
4(1717 1718 1747 1746)
4(1746 1747 1776 1775)
4(1775 1776 1805 1804)
4(1804 1805 1834 1833)
4(1833 1834 1863 1862)
4(1862 1863 1892 1891)
4(964 965 994 993)
4(993 994 1023 1022)
4(1022 1023 1052 1051)
4(1051 1052 1081 1080)
4(1080 1081 1110 1109)
4(1109 1110 1139 1138)
4(1138 1139 1168 1167)
4(1167 1168 1197 1196)
4(1196 1197 1226 1225)
4(1225 1226 1255 1254)
4(1254 1255 1284 1283)
4(1283 1284 1313 1312)
4(1312 1313 1342 1341)
4(1341 1342 1371 1370)
4(1370 1371 1400 1399)
4(1399 1400 1429 1428)
4(1428 1429 1458 1457)
4(1457 1458 1487 1486)
4(1486 1487 1516 1515)
4(1515 1516 1545 1544)
4(1544 1545 1574 1573)
4(1573 1574 1603 1602)
4(1602 1603 1632 1631)
4(1631 1632 1661 1660)
4(1660 1661 1690 1689)
4(1689 1690 1719 1718)
4(1718 1719 1748 1747)
4(1747 1748 1777 1776)
4(1776 1777 1806 1805)
4(1805 1806 1835 1834)
4(1834 1835 1864 1863)
4(1863 1864 1893 1892)
4(965 966 995 994)
4(994 995 1024 1023)
4(1023 1024 1053 1052)
4(1052 1053 1082 1081)
4(1081 1082 1111 1110)
4(1110 1111 1140 1139)
4(1139 1140 1169 1168)
4(1168 1169 1198 1197)
4(1197 1198 1227 1226)
4(1226 1227 1256 1255)
4(1255 1256 1285 1284)
4(1284 1285 1314 1313)
4(1313 1314 1343 1342)
4(1342 1343 1372 1371)
4(1371 1372 1401 1400)
4(1400 1401 1430 1429)
4(1429 1430 1459 1458)
4(1458 1459 1488 1487)
4(1487 1488 1517 1516)
4(1516 1517 1546 1545)
4(1545 1546 1575 1574)
4(1574 1575 1604 1603)
4(1603 1604 1633 1632)
4(1632 1633 1662 1661)
4(1661 1662 1691 1690)
4(1690 1691 1720 1719)
4(1719 1720 1749 1748)
4(1748 1749 1778 1777)
4(1777 1778 1807 1806)
4(1806 1807 1836 1835)
4(1835 1836 1865 1864)
4(1864 1865 1894 1893)
4(966 967 996 995)
4(995 996 1025 1024)
4(1024 1025 1054 1053)
4(1053 1054 1083 1082)
4(1082 1083 1112 1111)
4(1111 1112 1141 1140)
4(1140 1141 1170 1169)
4(1169 1170 1199 1198)
4(1198 1199 1228 1227)
4(1227 1228 1257 1256)
4(1256 1257 1286 1285)
4(1285 1286 1315 1314)
4(1314 1315 1344 1343)
4(1343 1344 1373 1372)
4(1372 1373 1402 1401)
4(1401 1402 1431 1430)
4(1430 1431 1460 1459)
4(1459 1460 1489 1488)
4(1488 1489 1518 1517)
4(1517 1518 1547 1546)
4(1546 1547 1576 1575)
4(1575 1576 1605 1604)
4(1604 1605 1634 1633)
4(1633 1634 1663 1662)
4(1662 1663 1692 1691)
4(1691 1692 1721 1720)
4(1720 1721 1750 1749)
4(1749 1750 1779 1778)
4(1778 1779 1808 1807)
4(1807 1808 1837 1836)
4(1836 1837 1866 1865)
4(1865 1866 1895 1894)
4(967 968 997 996)
4(996 997 1026 1025)
4(1025 1026 1055 1054)
4(1054 1055 1084 1083)
4(1083 1084 1113 1112)
4(1112 1113 1142 1141)
4(1141 1142 1171 1170)
4(1170 1171 1200 1199)
4(1199 1200 1229 1228)
4(1228 1229 1258 1257)
4(1257 1258 1287 1286)
4(1286 1287 1316 1315)
4(1315 1316 1345 1344)
4(1344 1345 1374 1373)
4(1373 1374 1403 1402)
4(1402 1403 1432 1431)
4(1431 1432 1461 1460)
4(1460 1461 1490 1489)
4(1489 1490 1519 1518)
4(1518 1519 1548 1547)
4(1547 1548 1577 1576)
4(1576 1577 1606 1605)
4(1605 1606 1635 1634)
4(1634 1635 1664 1663)
4(1663 1664 1693 1692)
4(1692 1693 1722 1721)
4(1721 1722 1751 1750)
4(1750 1751 1780 1779)
4(1779 1780 1809 1808)
4(1808 1809 1838 1837)
4(1837 1838 1867 1866)
4(1866 1867 1896 1895)
4(968 969 998 997)
4(997 998 1027 1026)
4(1026 1027 1056 1055)
4(1055 1056 1085 1084)
4(1084 1085 1114 1113)
4(1113 1114 1143 1142)
4(1142 1143 1172 1171)
4(1171 1172 1201 1200)
4(1200 1201 1230 1229)
4(1229 1230 1259 1258)
4(1258 1259 1288 1287)
4(1287 1288 1317 1316)
4(1316 1317 1346 1345)
4(1345 1346 1375 1374)
4(1374 1375 1404 1403)
4(1403 1404 1433 1432)
4(1432 1433 1462 1461)
4(1461 1462 1491 1490)
4(1490 1491 1520 1519)
4(1519 1520 1549 1548)
4(1548 1549 1578 1577)
4(1577 1578 1607 1606)
4(1606 1607 1636 1635)
4(1635 1636 1665 1664)
4(1664 1665 1694 1693)
4(1693 1694 1723 1722)
4(1722 1723 1752 1751)
4(1751 1752 1781 1780)
4(1780 1781 1810 1809)
4(1809 1810 1839 1838)
4(1838 1839 1868 1867)
4(1867 1868 1897 1896)
4(969 970 999 998)
4(998 999 1028 1027)
4(1027 1028 1057 1056)
4(1056 1057 1086 1085)
4(1085 1086 1115 1114)
4(1114 1115 1144 1143)
4(1143 1144 1173 1172)
4(1172 1173 1202 1201)
4(1201 1202 1231 1230)
4(1230 1231 1260 1259)
4(1259 1260 1289 1288)
4(1288 1289 1318 1317)
4(1317 1318 1347 1346)
4(1346 1347 1376 1375)
4(1375 1376 1405 1404)
4(1404 1405 1434 1433)
4(1433 1434 1463 1462)
4(1462 1463 1492 1491)
4(1491 1492 1521 1520)
4(1520 1521 1550 1549)
4(1549 1550 1579 1578)
4(1578 1579 1608 1607)
4(1607 1608 1637 1636)
4(1636 1637 1666 1665)
4(1665 1666 1695 1694)
4(1694 1695 1724 1723)
4(1723 1724 1753 1752)
4(1752 1753 1782 1781)
4(1781 1782 1811 1810)
4(1810 1811 1840 1839)
4(1839 1840 1869 1868)
4(1868 1869 1898 1897)
4(970 971 1000 999)
4(999 1000 1029 1028)
4(1028 1029 1058 1057)
4(1057 1058 1087 1086)
4(1086 1087 1116 1115)
4(1115 1116 1145 1144)
4(1144 1145 1174 1173)
4(1173 1174 1203 1202)
4(1202 1203 1232 1231)
4(1231 1232 1261 1260)
4(1260 1261 1290 1289)
4(1289 1290 1319 1318)
4(1318 1319 1348 1347)
4(1347 1348 1377 1376)
4(1376 1377 1406 1405)
4(1405 1406 1435 1434)
4(1434 1435 1464 1463)
4(1463 1464 1493 1492)
4(1492 1493 1522 1521)
4(1521 1522 1551 1550)
4(1550 1551 1580 1579)
4(1579 1580 1609 1608)
4(1608 1609 1638 1637)
4(1637 1638 1667 1666)
4(1666 1667 1696 1695)
4(1695 1696 1725 1724)
4(1724 1725 1754 1753)
4(1753 1754 1783 1782)
4(1782 1783 1812 1811)
4(1811 1812 1841 1840)
4(1840 1841 1870 1869)
4(1869 1870 1899 1898)
4(971 972 1001 1000)
4(1000 1001 1030 1029)
4(1029 1030 1059 1058)
4(1058 1059 1088 1087)
4(1087 1088 1117 1116)
4(1116 1117 1146 1145)
4(1145 1146 1175 1174)
4(1174 1175 1204 1203)
4(1203 1204 1233 1232)
4(1232 1233 1262 1261)
4(1261 1262 1291 1290)
4(1290 1291 1320 1319)
4(1319 1320 1349 1348)
4(1348 1349 1378 1377)
4(1377 1378 1407 1406)
4(1406 1407 1436 1435)
4(1435 1436 1465 1464)
4(1464 1465 1494 1493)
4(1493 1494 1523 1522)
4(1522 1523 1552 1551)
4(1551 1552 1581 1580)
4(1580 1581 1610 1609)
4(1609 1610 1639 1638)
4(1638 1639 1668 1667)
4(1667 1668 1697 1696)
4(1696 1697 1726 1725)
4(1725 1726 1755 1754)
4(1754 1755 1784 1783)
4(1783 1784 1813 1812)
4(1812 1813 1842 1841)
4(1841 1842 1871 1870)
4(1870 1871 1900 1899)
4(972 973 1002 1001)
4(1001 1002 1031 1030)
4(1030 1031 1060 1059)
4(1059 1060 1089 1088)
4(1088 1089 1118 1117)
4(1117 1118 1147 1146)
4(1146 1147 1176 1175)
4(1175 1176 1205 1204)
4(1204 1205 1234 1233)
4(1233 1234 1263 1262)
4(1262 1263 1292 1291)
4(1291 1292 1321 1320)
4(1320 1321 1350 1349)
4(1349 1350 1379 1378)
4(1378 1379 1408 1407)
4(1407 1408 1437 1436)
4(1436 1437 1466 1465)
4(1465 1466 1495 1494)
4(1494 1495 1524 1523)
4(1523 1524 1553 1552)
4(1552 1553 1582 1581)
4(1581 1582 1611 1610)
4(1610 1611 1640 1639)
4(1639 1640 1669 1668)
4(1668 1669 1698 1697)
4(1697 1698 1727 1726)
4(1726 1727 1756 1755)
4(1755 1756 1785 1784)
4(1784 1785 1814 1813)
4(1813 1814 1843 1842)
4(1842 1843 1872 1871)
4(1871 1872 1901 1900)
4(973 974 1003 1002)
4(1002 1003 1032 1031)
4(1031 1032 1061 1060)
4(1060 1061 1090 1089)
4(1089 1090 1119 1118)
4(1118 1119 1148 1147)
4(1147 1148 1177 1176)
4(1176 1177 1206 1205)
4(1205 1206 1235 1234)
4(1234 1235 1264 1263)
4(1263 1264 1293 1292)
4(1292 1293 1322 1321)
4(1321 1322 1351 1350)
4(1350 1351 1380 1379)
4(1379 1380 1409 1408)
4(1408 1409 1438 1437)
4(1437 1438 1467 1466)
4(1466 1467 1496 1495)
4(1495 1496 1525 1524)
4(1524 1525 1554 1553)
4(1553 1554 1583 1582)
4(1582 1583 1612 1611)
4(1611 1612 1641 1640)
4(1640 1641 1670 1669)
4(1669 1670 1699 1698)
4(1698 1699 1728 1727)
4(1727 1728 1757 1756)
4(1756 1757 1786 1785)
4(1785 1786 1815 1814)
4(1814 1815 1844 1843)
4(1843 1844 1873 1872)
4(1872 1873 1902 1901)
4(974 975 1004 1003)
4(1003 1004 1033 1032)
4(1032 1033 1062 1061)
4(1061 1062 1091 1090)
4(1090 1091 1120 1119)
4(1119 1120 1149 1148)
4(1148 1149 1178 1177)
4(1177 1178 1207 1206)
4(1206 1207 1236 1235)
4(1235 1236 1265 1264)
4(1264 1265 1294 1293)
4(1293 1294 1323 1322)
4(1322 1323 1352 1351)
4(1351 1352 1381 1380)
4(1380 1381 1410 1409)
4(1409 1410 1439 1438)
4(1438 1439 1468 1467)
4(1467 1468 1497 1496)
4(1496 1497 1526 1525)
4(1525 1526 1555 1554)
4(1554 1555 1584 1583)
4(1583 1584 1613 1612)
4(1612 1613 1642 1641)
4(1641 1642 1671 1670)
4(1670 1671 1700 1699)
4(1699 1700 1729 1728)
4(1728 1729 1758 1757)
4(1757 1758 1787 1786)
4(1786 1787 1816 1815)
4(1815 1816 1845 1844)
4(1844 1845 1874 1873)
4(1873 1874 1903 1902)
4(975 976 1005 1004)
4(1004 1005 1034 1033)
4(1033 1034 1063 1062)
4(1062 1063 1092 1091)
4(1091 1092 1121 1120)
4(1120 1121 1150 1149)
4(1149 1150 1179 1178)
4(1178 1179 1208 1207)
4(1207 1208 1237 1236)
4(1236 1237 1266 1265)
4(1265 1266 1295 1294)
4(1294 1295 1324 1323)
4(1323 1324 1353 1352)
4(1352 1353 1382 1381)
4(1381 1382 1411 1410)
4(1410 1411 1440 1439)
4(1439 1440 1469 1468)
4(1468 1469 1498 1497)
4(1497 1498 1527 1526)
4(1526 1527 1556 1555)
4(1555 1556 1585 1584)
4(1584 1585 1614 1613)
4(1613 1614 1643 1642)
4(1642 1643 1672 1671)
4(1671 1672 1701 1700)
4(1700 1701 1730 1729)
4(1729 1730 1759 1758)
4(1758 1759 1788 1787)
4(1787 1788 1817 1816)
4(1816 1817 1846 1845)
4(1845 1846 1875 1874)
4(1874 1875 1904 1903)
4(976 977 1006 1005)
4(1005 1006 1035 1034)
4(1034 1035 1064 1063)
4(1063 1064 1093 1092)
4(1092 1093 1122 1121)
4(1121 1122 1151 1150)
4(1150 1151 1180 1179)
4(1179 1180 1209 1208)
4(1208 1209 1238 1237)
4(1237 1238 1267 1266)
4(1266 1267 1296 1295)
4(1295 1296 1325 1324)
4(1324 1325 1354 1353)
4(1353 1354 1383 1382)
4(1382 1383 1412 1411)
4(1411 1412 1441 1440)
4(1440 1441 1470 1469)
4(1469 1470 1499 1498)
4(1498 1499 1528 1527)
4(1527 1528 1557 1556)
4(1556 1557 1586 1585)
4(1585 1586 1615 1614)
4(1614 1615 1644 1643)
4(1643 1644 1673 1672)
4(1672 1673 1702 1701)
4(1701 1702 1731 1730)
4(1730 1731 1760 1759)
4(1759 1760 1789 1788)
4(1788 1789 1818 1817)
4(1817 1818 1847 1846)
4(1846 1847 1876 1875)
4(1875 1876 1905 1904)
4(977 978 1007 1006)
4(1006 1007 1036 1035)
4(1035 1036 1065 1064)
4(1064 1065 1094 1093)
4(1093 1094 1123 1122)
4(1122 1123 1152 1151)
4(1151 1152 1181 1180)
4(1180 1181 1210 1209)
4(1209 1210 1239 1238)
4(1238 1239 1268 1267)
4(1267 1268 1297 1296)
4(1296 1297 1326 1325)
4(1325 1326 1355 1354)
4(1354 1355 1384 1383)
4(1383 1384 1413 1412)
4(1412 1413 1442 1441)
4(1441 1442 1471 1470)
4(1470 1471 1500 1499)
4(1499 1500 1529 1528)
4(1528 1529 1558 1557)
4(1557 1558 1587 1586)
4(1586 1587 1616 1615)
4(1615 1616 1645 1644)
4(1644 1645 1674 1673)
4(1673 1674 1703 1702)
4(1702 1703 1732 1731)
4(1731 1732 1761 1760)
4(1760 1761 1790 1789)
4(1789 1790 1819 1818)
4(1818 1819 1848 1847)
4(1847 1848 1877 1876)
4(1876 1877 1906 1905)
4(978 979 1008 1007)
4(1007 1008 1037 1036)
4(1036 1037 1066 1065)
4(1065 1066 1095 1094)
4(1094 1095 1124 1123)
4(1123 1124 1153 1152)
4(1152 1153 1182 1181)
4(1181 1182 1211 1210)
4(1210 1211 1240 1239)
4(1239 1240 1269 1268)
4(1268 1269 1298 1297)
4(1297 1298 1327 1326)
4(1326 1327 1356 1355)
4(1355 1356 1385 1384)
4(1384 1385 1414 1413)
4(1413 1414 1443 1442)
4(1442 1443 1472 1471)
4(1471 1472 1501 1500)
4(1500 1501 1530 1529)
4(1529 1530 1559 1558)
4(1558 1559 1588 1587)
4(1587 1588 1617 1616)
4(1616 1617 1646 1645)
4(1645 1646 1675 1674)
4(1674 1675 1704 1703)
4(1703 1704 1733 1732)
4(1732 1733 1762 1761)
4(1761 1762 1791 1790)
4(1790 1791 1820 1819)
4(1819 1820 1849 1848)
4(1848 1849 1878 1877)
4(1877 1878 1907 1906)
4(979 980 1009 1008)
4(1008 1009 1038 1037)
4(1037 1038 1067 1066)
4(1066 1067 1096 1095)
4(1095 1096 1125 1124)
4(1124 1125 1154 1153)
4(1153 1154 1183 1182)
4(1182 1183 1212 1211)
4(1211 1212 1241 1240)
4(1240 1241 1270 1269)
4(1269 1270 1299 1298)
4(1298 1299 1328 1327)
4(1327 1328 1357 1356)
4(1356 1357 1386 1385)
4(1385 1386 1415 1414)
4(1414 1415 1444 1443)
4(1443 1444 1473 1472)
4(1472 1473 1502 1501)
4(1501 1502 1531 1530)
4(1530 1531 1560 1559)
4(1559 1560 1589 1588)
4(1588 1589 1618 1617)
4(1617 1618 1647 1646)
4(1646 1647 1676 1675)
4(1675 1676 1705 1704)
4(1704 1705 1734 1733)
4(1733 1734 1763 1762)
4(1762 1763 1792 1791)
4(1791 1792 1821 1820)
4(1820 1821 1850 1849)
4(1849 1850 1879 1878)
4(1878 1879 1908 1907)
4(980 981 1010 1009)
4(1009 1010 1039 1038)
4(1038 1039 1068 1067)
4(1067 1068 1097 1096)
4(1096 1097 1126 1125)
4(1125 1126 1155 1154)
4(1154 1155 1184 1183)
4(1183 1184 1213 1212)
4(1212 1213 1242 1241)
4(1241 1242 1271 1270)
4(1270 1271 1300 1299)
4(1299 1300 1329 1328)
4(1328 1329 1358 1357)
4(1357 1358 1387 1386)
4(1386 1387 1416 1415)
4(1415 1416 1445 1444)
4(1444 1445 1474 1473)
4(1473 1474 1503 1502)
4(1502 1503 1532 1531)
4(1531 1532 1561 1560)
4(1560 1561 1590 1589)
4(1589 1590 1619 1618)
4(1618 1619 1648 1647)
4(1647 1648 1677 1676)
4(1676 1677 1706 1705)
4(1705 1706 1735 1734)
4(1734 1735 1764 1763)
4(1763 1764 1793 1792)
4(1792 1793 1822 1821)
4(1821 1822 1851 1850)
4(1850 1851 1880 1879)
4(1879 1880 1909 1908)
4(981 982 1011 1010)
4(1010 1011 1040 1039)
4(1039 1040 1069 1068)
4(1068 1069 1098 1097)
4(1097 1098 1127 1126)
4(1126 1127 1156 1155)
4(1155 1156 1185 1184)
4(1184 1185 1214 1213)
4(1213 1214 1243 1242)
4(1242 1243 1272 1271)
4(1271 1272 1301 1300)
4(1300 1301 1330 1329)
4(1329 1330 1359 1358)
4(1358 1359 1388 1387)
4(1387 1388 1417 1416)
4(1416 1417 1446 1445)
4(1445 1446 1475 1474)
4(1474 1475 1504 1503)
4(1503 1504 1533 1532)
4(1532 1533 1562 1561)
4(1561 1562 1591 1590)
4(1590 1591 1620 1619)
4(1619 1620 1649 1648)
4(1648 1649 1678 1677)
4(1677 1678 1707 1706)
4(1706 1707 1736 1735)
4(1735 1736 1765 1764)
4(1764 1765 1794 1793)
4(1793 1794 1823 1822)
4(1822 1823 1852 1851)
4(1851 1852 1881 1880)
4(1880 1881 1910 1909)
4(982 983 1012 1011)
4(1011 1012 1041 1040)
4(1040 1041 1070 1069)
4(1069 1070 1099 1098)
4(1098 1099 1128 1127)
4(1127 1128 1157 1156)
4(1156 1157 1186 1185)
4(1185 1186 1215 1214)
4(1214 1215 1244 1243)
4(1243 1244 1273 1272)
4(1272 1273 1302 1301)
4(1301 1302 1331 1330)
4(1330 1331 1360 1359)
4(1359 1360 1389 1388)
4(1388 1389 1418 1417)
4(1417 1418 1447 1446)
4(1446 1447 1476 1475)
4(1475 1476 1505 1504)
4(1504 1505 1534 1533)
4(1533 1534 1563 1562)
4(1562 1563 1592 1591)
4(1591 1592 1621 1620)
4(1620 1621 1650 1649)
4(1649 1650 1679 1678)
4(1678 1679 1708 1707)
4(1707 1708 1737 1736)
4(1736 1737 1766 1765)
4(1765 1766 1795 1794)
4(1794 1795 1824 1823)
4(1823 1824 1853 1852)
4(1852 1853 1882 1881)
4(1881 1882 1911 1910)
4(983 984 1013 1012)
4(1012 1013 1042 1041)
4(1041 1042 1071 1070)
4(1070 1071 1100 1099)
4(1099 1100 1129 1128)
4(1128 1129 1158 1157)
4(1157 1158 1187 1186)
4(1186 1187 1216 1215)
4(1215 1216 1245 1244)
4(1244 1245 1274 1273)
4(1273 1274 1303 1302)
4(1302 1303 1332 1331)
4(1331 1332 1361 1360)
4(1360 1361 1390 1389)
4(1389 1390 1419 1418)
4(1418 1419 1448 1447)
4(1447 1448 1477 1476)
4(1476 1477 1506 1505)
4(1505 1506 1535 1534)
4(1534 1535 1564 1563)
4(1563 1564 1593 1592)
4(1592 1593 1622 1621)
4(1621 1622 1651 1650)
4(1650 1651 1680 1679)
4(1679 1680 1709 1708)
4(1708 1709 1738 1737)
4(1737 1738 1767 1766)
4(1766 1767 1796 1795)
4(1795 1796 1825 1824)
4(1824 1825 1854 1853)
4(1853 1854 1883 1882)
4(1882 1883 1912 1911)
4(984 985 1014 1013)
4(1013 1014 1043 1042)
4(1042 1043 1072 1071)
4(1071 1072 1101 1100)
4(1100 1101 1130 1129)
4(1129 1130 1159 1158)
4(1158 1159 1188 1187)
4(1187 1188 1217 1216)
4(1216 1217 1246 1245)
4(1245 1246 1275 1274)
4(1274 1275 1304 1303)
4(1303 1304 1333 1332)
4(1332 1333 1362 1361)
4(1361 1362 1391 1390)
4(1390 1391 1420 1419)
4(1419 1420 1449 1448)
4(1448 1449 1478 1477)
4(1477 1478 1507 1506)
4(1506 1507 1536 1535)
4(1535 1536 1565 1564)
4(1564 1565 1594 1593)
4(1593 1594 1623 1622)
4(1622 1623 1652 1651)
4(1651 1652 1681 1680)
4(1680 1681 1710 1709)
4(1709 1710 1739 1738)
4(1738 1739 1768 1767)
4(1767 1768 1797 1796)
4(1796 1797 1826 1825)
4(1825 1826 1855 1854)
4(1854 1855 1884 1883)
4(1883 1884 1913 1912)
4(0 29 30 1)
4(29 58 59 30)
4(58 87 88 59)
4(87 116 117 88)
4(116 145 146 117)
4(145 174 175 146)
4(174 203 204 175)
4(203 232 233 204)
4(232 261 262 233)
4(261 290 291 262)
4(290 319 320 291)
4(319 348 349 320)
4(348 377 378 349)
4(377 406 407 378)
4(406 435 436 407)
4(435 464 465 436)
4(464 493 494 465)
4(493 522 523 494)
4(522 551 552 523)
4(551 580 581 552)
4(580 609 610 581)
4(609 638 639 610)
4(638 667 668 639)
4(667 696 697 668)
4(696 725 726 697)
4(725 754 755 726)
4(754 783 784 755)
4(783 812 813 784)
4(812 841 842 813)
4(841 870 871 842)
4(870 899 900 871)
4(899 928 929 900)
4(1 30 31 2)
4(30 59 60 31)
4(59 88 89 60)
4(88 117 118 89)
4(117 146 147 118)
4(146 175 176 147)
4(175 204 205 176)
4(204 233 234 205)
4(233 262 263 234)
4(262 291 292 263)
4(291 320 321 292)
4(320 349 350 321)
4(349 378 379 350)
4(378 407 408 379)
4(407 436 437 408)
4(436 465 466 437)
4(465 494 495 466)
4(494 523 524 495)
4(523 552 553 524)
4(552 581 582 553)
4(581 610 611 582)
4(610 639 640 611)
4(639 668 669 640)
4(668 697 698 669)
4(697 726 727 698)
4(726 755 756 727)
4(755 784 785 756)
4(784 813 814 785)
4(813 842 843 814)
4(842 871 872 843)
4(871 900 901 872)
4(900 929 930 901)
4(2 31 32 3)
4(31 60 61 32)
4(60 89 90 61)
4(89 118 119 90)
4(118 147 148 119)
4(147 176 177 148)
4(176 205 206 177)
4(205 234 235 206)
4(234 263 264 235)
4(263 292 293 264)
4(292 321 322 293)
4(321 350 351 322)
4(350 379 380 351)
4(379 408 409 380)
4(408 437 438 409)
4(437 466 467 438)
4(466 495 496 467)
4(495 524 525 496)
4(524 553 554 525)
4(553 582 583 554)
4(582 611 612 583)
4(611 640 641 612)
4(640 669 670 641)
4(669 698 699 670)
4(698 727 728 699)
4(727 756 757 728)
4(756 785 786 757)
4(785 814 815 786)
4(814 843 844 815)
4(843 872 873 844)
4(872 901 902 873)
4(901 930 931 902)
4(3 32 33 4)
4(32 61 62 33)
4(61 90 91 62)
4(90 119 120 91)
4(119 148 149 120)
4(148 177 178 149)
4(177 206 207 178)
4(206 235 236 207)
4(235 264 265 236)
4(264 293 294 265)
4(293 322 323 294)
4(322 351 352 323)
4(351 380 381 352)
4(380 409 410 381)
4(409 438 439 410)
4(438 467 468 439)
4(467 496 497 468)
4(496 525 526 497)
4(525 554 555 526)
4(554 583 584 555)
4(583 612 613 584)
4(612 641 642 613)
4(641 670 671 642)
4(670 699 700 671)
4(699 728 729 700)
4(728 757 758 729)
4(757 786 787 758)
4(786 815 816 787)
4(815 844 845 816)
4(844 873 874 845)
4(873 902 903 874)
4(902 931 932 903)
4(4 33 34 5)
4(33 62 63 34)
4(62 91 92 63)
4(91 120 121 92)
4(120 149 150 121)
4(149 178 179 150)
4(178 207 208 179)
4(207 236 237 208)
4(236 265 266 237)
4(265 294 295 266)
4(294 323 324 295)
4(323 352 353 324)
4(352 381 382 353)
4(381 410 411 382)
4(410 439 440 411)
4(439 468 469 440)
4(468 497 498 469)
4(497 526 527 498)
4(526 555 556 527)
4(555 584 585 556)
4(584 613 614 585)
4(613 642 643 614)
4(642 671 672 643)
4(671 700 701 672)
4(700 729 730 701)
4(729 758 759 730)
4(758 787 788 759)
4(787 816 817 788)
4(816 845 846 817)
4(845 874 875 846)
4(874 903 904 875)
4(903 932 933 904)
4(5 34 35 6)
4(34 63 64 35)
4(63 92 93 64)
4(92 121 122 93)
4(121 150 151 122)
4(150 179 180 151)
4(179 208 209 180)
4(208 237 238 209)
4(237 266 267 238)
4(266 295 296 267)
4(295 324 325 296)
4(324 353 354 325)
4(353 382 383 354)
4(382 411 412 383)
4(411 440 441 412)
4(440 469 470 441)
4(469 498 499 470)
4(498 527 528 499)
4(527 556 557 528)
4(556 585 586 557)
4(585 614 615 586)
4(614 643 644 615)
4(643 672 673 644)
4(672 701 702 673)
4(701 730 731 702)
4(730 759 760 731)
4(759 788 789 760)
4(788 817 818 789)
4(817 846 847 818)
4(846 875 876 847)
4(875 904 905 876)
4(904 933 934 905)
4(6 35 36 7)
4(35 64 65 36)
4(64 93 94 65)
4(93 122 123 94)
4(122 151 152 123)
4(151 180 181 152)
4(180 209 210 181)
4(209 238 239 210)
4(238 267 268 239)
4(267 296 297 268)
4(296 325 326 297)
4(325 354 355 326)
4(354 383 384 355)
4(383 412 413 384)
4(412 441 442 413)
4(441 470 471 442)
4(470 499 500 471)
4(499 528 529 500)
4(528 557 558 529)
4(557 586 587 558)
4(586 615 616 587)
4(615 644 645 616)
4(644 673 674 645)
4(673 702 703 674)
4(702 731 732 703)
4(731 760 761 732)
4(760 789 790 761)
4(789 818 819 790)
4(818 847 848 819)
4(847 876 877 848)
4(876 905 906 877)
4(905 934 935 906)
4(7 36 37 8)
4(36 65 66 37)
4(65 94 95 66)
4(94 123 124 95)
4(123 152 153 124)
4(152 181 182 153)
4(181 210 211 182)
4(210 239 240 211)
4(239 268 269 240)
4(268 297 298 269)
4(297 326 327 298)
4(326 355 356 327)
4(355 384 385 356)
4(384 413 414 385)
4(413 442 443 414)
4(442 471 472 443)
4(471 500 501 472)
4(500 529 530 501)
4(529 558 559 530)
4(558 587 588 559)
4(587 616 617 588)
4(616 645 646 617)
4(645 674 675 646)
4(674 703 704 675)
4(703 732 733 704)
4(732 761 762 733)
4(761 790 791 762)
4(790 819 820 791)
4(819 848 849 820)
4(848 877 878 849)
4(877 906 907 878)
4(906 935 936 907)
4(8 37 38 9)
4(37 66 67 38)
4(66 95 96 67)
4(95 124 125 96)
4(124 153 154 125)
4(153 182 183 154)
4(182 211 212 183)
4(211 240 241 212)
4(240 269 270 241)
4(269 298 299 270)
4(298 327 328 299)
4(327 356 357 328)
4(356 385 386 357)
4(385 414 415 386)
4(414 443 444 415)
4(443 472 473 444)
4(472 501 502 473)
4(501 530 531 502)
4(530 559 560 531)
4(559 588 589 560)
4(588 617 618 589)
4(617 646 647 618)
4(646 675 676 647)
4(675 704 705 676)
4(704 733 734 705)
4(733 762 763 734)
4(762 791 792 763)
4(791 820 821 792)
4(820 849 850 821)
4(849 878 879 850)
4(878 907 908 879)
4(907 936 937 908)
4(9 38 39 10)
4(38 67 68 39)
4(67 96 97 68)
4(96 125 126 97)
4(125 154 155 126)
4(154 183 184 155)
4(183 212 213 184)
4(212 241 242 213)
4(241 270 271 242)
4(270 299 300 271)
4(299 328 329 300)
4(328 357 358 329)
4(357 386 387 358)
4(386 415 416 387)
4(415 444 445 416)
4(444 473 474 445)
4(473 502 503 474)
4(502 531 532 503)
4(531 560 561 532)
4(560 589 590 561)
4(589 618 619 590)
4(618 647 648 619)
4(647 676 677 648)
4(676 705 706 677)
4(705 734 735 706)
4(734 763 764 735)
4(763 792 793 764)
4(792 821 822 793)
4(821 850 851 822)
4(850 879 880 851)
4(879 908 909 880)
4(908 937 938 909)
4(10 39 40 11)
4(39 68 69 40)
4(68 97 98 69)
4(97 126 127 98)
4(126 155 156 127)
4(155 184 185 156)
4(184 213 214 185)
4(213 242 243 214)
4(242 271 272 243)
4(271 300 301 272)
4(300 329 330 301)
4(329 358 359 330)
4(358 387 388 359)
4(387 416 417 388)
4(416 445 446 417)
4(445 474 475 446)
4(474 503 504 475)
4(503 532 533 504)
4(532 561 562 533)
4(561 590 591 562)
4(590 619 620 591)
4(619 648 649 620)
4(648 677 678 649)
4(677 706 707 678)
4(706 735 736 707)
4(735 764 765 736)
4(764 793 794 765)
4(793 822 823 794)
4(822 851 852 823)
4(851 880 881 852)
4(880 909 910 881)
4(909 938 939 910)
4(11 40 41 12)
4(40 69 70 41)
4(69 98 99 70)
4(98 127 128 99)
4(127 156 157 128)
4(156 185 186 157)
4(185 214 215 186)
4(214 243 244 215)
4(243 272 273 244)
4(272 301 302 273)
4(301 330 331 302)
4(330 359 360 331)
4(359 388 389 360)
4(388 417 418 389)
4(417 446 447 418)
4(446 475 476 447)
4(475 504 505 476)
4(504 533 534 505)
4(533 562 563 534)
4(562 591 592 563)
4(591 620 621 592)
4(620 649 650 621)
4(649 678 679 650)
4(678 707 708 679)
4(707 736 737 708)
4(736 765 766 737)
4(765 794 795 766)
4(794 823 824 795)
4(823 852 853 824)
4(852 881 882 853)
4(881 910 911 882)
4(910 939 940 911)
4(12 41 42 13)
4(41 70 71 42)
4(70 99 100 71)
4(99 128 129 100)
4(128 157 158 129)
4(157 186 187 158)
4(186 215 216 187)
4(215 244 245 216)
4(244 273 274 245)
4(273 302 303 274)
4(302 331 332 303)
4(331 360 361 332)
4(360 389 390 361)
4(389 418 419 390)
4(418 447 448 419)
4(447 476 477 448)
4(476 505 506 477)
4(505 534 535 506)
4(534 563 564 535)
4(563 592 593 564)
4(592 621 622 593)
4(621 650 651 622)
4(650 679 680 651)
4(679 708 709 680)
4(708 737 738 709)
4(737 766 767 738)
4(766 795 796 767)
4(795 824 825 796)
4(824 853 854 825)
4(853 882 883 854)
4(882 911 912 883)
4(911 940 941 912)
4(13 42 43 14)
4(42 71 72 43)
4(71 100 101 72)
4(100 129 130 101)
4(129 158 159 130)
4(158 187 188 159)
4(187 216 217 188)
4(216 245 246 217)
4(245 274 275 246)
4(274 303 304 275)
4(303 332 333 304)
4(332 361 362 333)
4(361 390 391 362)
4(390 419 420 391)
4(419 448 449 420)
4(448 477 478 449)
4(477 506 507 478)
4(506 535 536 507)
4(535 564 565 536)
4(564 593 594 565)
4(593 622 623 594)
4(622 651 652 623)
4(651 680 681 652)
4(680 709 710 681)
4(709 738 739 710)
4(738 767 768 739)
4(767 796 797 768)
4(796 825 826 797)
4(825 854 855 826)
4(854 883 884 855)
4(883 912 913 884)
4(912 941 942 913)
4(14 43 44 15)
4(43 72 73 44)
4(72 101 102 73)
4(101 130 131 102)
4(130 159 160 131)
4(159 188 189 160)
4(188 217 218 189)
4(217 246 247 218)
4(246 275 276 247)
4(275 304 305 276)
4(304 333 334 305)
4(333 362 363 334)
4(362 391 392 363)
4(391 420 421 392)
4(420 449 450 421)
4(449 478 479 450)
4(478 507 508 479)
4(507 536 537 508)
4(536 565 566 537)
4(565 594 595 566)
4(594 623 624 595)
4(623 652 653 624)
4(652 681 682 653)
4(681 710 711 682)
4(710 739 740 711)
4(739 768 769 740)
4(768 797 798 769)
4(797 826 827 798)
4(826 855 856 827)
4(855 884 885 856)
4(884 913 914 885)
4(913 942 943 914)
4(15 44 45 16)
4(44 73 74 45)
4(73 102 103 74)
4(102 131 132 103)
4(131 160 161 132)
4(160 189 190 161)
4(189 218 219 190)
4(218 247 248 219)
4(247 276 277 248)
4(276 305 306 277)
4(305 334 335 306)
4(334 363 364 335)
4(363 392 393 364)
4(392 421 422 393)
4(421 450 451 422)
4(450 479 480 451)
4(479 508 509 480)
4(508 537 538 509)
4(537 566 567 538)
4(566 595 596 567)
4(595 624 625 596)
4(624 653 654 625)
4(653 682 683 654)
4(682 711 712 683)
4(711 740 741 712)
4(740 769 770 741)
4(769 798 799 770)
4(798 827 828 799)
4(827 856 857 828)
4(856 885 886 857)
4(885 914 915 886)
4(914 943 944 915)
4(16 45 46 17)
4(45 74 75 46)
4(74 103 104 75)
4(103 132 133 104)
4(132 161 162 133)
4(161 190 191 162)
4(190 219 220 191)
4(219 248 249 220)
4(248 277 278 249)
4(277 306 307 278)
4(306 335 336 307)
4(335 364 365 336)
4(364 393 394 365)
4(393 422 423 394)
4(422 451 452 423)
4(451 480 481 452)
4(480 509 510 481)
4(509 538 539 510)
4(538 567 568 539)
4(567 596 597 568)
4(596 625 626 597)
4(625 654 655 626)
4(654 683 684 655)
4(683 712 713 684)
4(712 741 742 713)
4(741 770 771 742)
4(770 799 800 771)
4(799 828 829 800)
4(828 857 858 829)
4(857 886 887 858)
4(886 915 916 887)
4(915 944 945 916)
4(17 46 47 18)
4(46 75 76 47)
4(75 104 105 76)
4(104 133 134 105)
4(133 162 163 134)
4(162 191 192 163)
4(191 220 221 192)
4(220 249 250 221)
4(249 278 279 250)
4(278 307 308 279)
4(307 336 337 308)
4(336 365 366 337)
4(365 394 395 366)
4(394 423 424 395)
4(423 452 453 424)
4(452 481 482 453)
4(481 510 511 482)
4(510 539 540 511)
4(539 568 569 540)
4(568 597 598 569)
4(597 626 627 598)
4(626 655 656 627)
4(655 684 685 656)
4(684 713 714 685)
4(713 742 743 714)
4(742 771 772 743)
4(771 800 801 772)
4(800 829 830 801)
4(829 858 859 830)
4(858 887 888 859)
4(887 916 917 888)
4(916 945 946 917)
4(18 47 48 19)
4(47 76 77 48)
4(76 105 106 77)
4(105 134 135 106)
4(134 163 164 135)
4(163 192 193 164)
4(192 221 222 193)
4(221 250 251 222)
4(250 279 280 251)
4(279 308 309 280)
4(308 337 338 309)
4(337 366 367 338)
4(366 395 396 367)
4(395 424 425 396)
4(424 453 454 425)
4(453 482 483 454)
4(482 511 512 483)
4(511 540 541 512)
4(540 569 570 541)
4(569 598 599 570)
4(598 627 628 599)
4(627 656 657 628)
4(656 685 686 657)
4(685 714 715 686)
4(714 743 744 715)
4(743 772 773 744)
4(772 801 802 773)
4(801 830 831 802)
4(830 859 860 831)
4(859 888 889 860)
4(888 917 918 889)
4(917 946 947 918)
4(19 48 49 20)
4(48 77 78 49)
4(77 106 107 78)
4(106 135 136 107)
4(135 164 165 136)
4(164 193 194 165)
4(193 222 223 194)
4(222 251 252 223)
4(251 280 281 252)
4(280 309 310 281)
4(309 338 339 310)
4(338 367 368 339)
4(367 396 397 368)
4(396 425 426 397)
4(425 454 455 426)
4(454 483 484 455)
4(483 512 513 484)
4(512 541 542 513)
4(541 570 571 542)
4(570 599 600 571)
4(599 628 629 600)
4(628 657 658 629)
4(657 686 687 658)
4(686 715 716 687)
4(715 744 745 716)
4(744 773 774 745)
4(773 802 803 774)
4(802 831 832 803)
4(831 860 861 832)
4(860 889 890 861)
4(889 918 919 890)
4(918 947 948 919)
4(20 49 50 21)
4(49 78 79 50)
4(78 107 108 79)
4(107 136 137 108)
4(136 165 166 137)
4(165 194 195 166)
4(194 223 224 195)
4(223 252 253 224)
4(252 281 282 253)
4(281 310 311 282)
4(310 339 340 311)
4(339 368 369 340)
4(368 397 398 369)
4(397 426 427 398)
4(426 455 456 427)
4(455 484 485 456)
4(484 513 514 485)
4(513 542 543 514)
4(542 571 572 543)
4(571 600 601 572)
4(600 629 630 601)
4(629 658 659 630)
4(658 687 688 659)
4(687 716 717 688)
4(716 745 746 717)
4(745 774 775 746)
4(774 803 804 775)
4(803 832 833 804)
4(832 861 862 833)
4(861 890 891 862)
4(890 919 920 891)
4(919 948 949 920)
4(21 50 51 22)
4(50 79 80 51)
4(79 108 109 80)
4(108 137 138 109)
4(137 166 167 138)
4(166 195 196 167)
4(195 224 225 196)
4(224 253 254 225)
4(253 282 283 254)
4(282 311 312 283)
4(311 340 341 312)
4(340 369 370 341)
4(369 398 399 370)
4(398 427 428 399)
4(427 456 457 428)
4(456 485 486 457)
4(485 514 515 486)
4(514 543 544 515)
4(543 572 573 544)
4(572 601 602 573)
4(601 630 631 602)
4(630 659 660 631)
4(659 688 689 660)
4(688 717 718 689)
4(717 746 747 718)
4(746 775 776 747)
4(775 804 805 776)
4(804 833 834 805)
4(833 862 863 834)
4(862 891 892 863)
4(891 920 921 892)
4(920 949 950 921)
4(22 51 52 23)
4(51 80 81 52)
4(80 109 110 81)
4(109 138 139 110)
4(138 167 168 139)
4(167 196 197 168)
4(196 225 226 197)
4(225 254 255 226)
4(254 283 284 255)
4(283 312 313 284)
4(312 341 342 313)
4(341 370 371 342)
4(370 399 400 371)
4(399 428 429 400)
4(428 457 458 429)
4(457 486 487 458)
4(486 515 516 487)
4(515 544 545 516)
4(544 573 574 545)
4(573 602 603 574)
4(602 631 632 603)
4(631 660 661 632)
4(660 689 690 661)
4(689 718 719 690)
4(718 747 748 719)
4(747 776 777 748)
4(776 805 806 777)
4(805 834 835 806)
4(834 863 864 835)
4(863 892 893 864)
4(892 921 922 893)
4(921 950 951 922)
4(23 52 53 24)
4(52 81 82 53)
4(81 110 111 82)
4(110 139 140 111)
4(139 168 169 140)
4(168 197 198 169)
4(197 226 227 198)
4(226 255 256 227)
4(255 284 285 256)
4(284 313 314 285)
4(313 342 343 314)
4(342 371 372 343)
4(371 400 401 372)
4(400 429 430 401)
4(429 458 459 430)
4(458 487 488 459)
4(487 516 517 488)
4(516 545 546 517)
4(545 574 575 546)
4(574 603 604 575)
4(603 632 633 604)
4(632 661 662 633)
4(661 690 691 662)
4(690 719 720 691)
4(719 748 749 720)
4(748 777 778 749)
4(777 806 807 778)
4(806 835 836 807)
4(835 864 865 836)
4(864 893 894 865)
4(893 922 923 894)
4(922 951 952 923)
4(24 53 54 25)
4(53 82 83 54)
4(82 111 112 83)
4(111 140 141 112)
4(140 169 170 141)
4(169 198 199 170)
4(198 227 228 199)
4(227 256 257 228)
4(256 285 286 257)
4(285 314 315 286)
4(314 343 344 315)
4(343 372 373 344)
4(372 401 402 373)
4(401 430 431 402)
4(430 459 460 431)
4(459 488 489 460)
4(488 517 518 489)
4(517 546 547 518)
4(546 575 576 547)
4(575 604 605 576)
4(604 633 634 605)
4(633 662 663 634)
4(662 691 692 663)
4(691 720 721 692)
4(720 749 750 721)
4(749 778 779 750)
4(778 807 808 779)
4(807 836 837 808)
4(836 865 866 837)
4(865 894 895 866)
4(894 923 924 895)
4(923 952 953 924)
4(25 54 55 26)
4(54 83 84 55)
4(83 112 113 84)
4(112 141 142 113)
4(141 170 171 142)
4(170 199 200 171)
4(199 228 229 200)
4(228 257 258 229)
4(257 286 287 258)
4(286 315 316 287)
4(315 344 345 316)
4(344 373 374 345)
4(373 402 403 374)
4(402 431 432 403)
4(431 460 461 432)
4(460 489 490 461)
4(489 518 519 490)
4(518 547 548 519)
4(547 576 577 548)
4(576 605 606 577)
4(605 634 635 606)
4(634 663 664 635)
4(663 692 693 664)
4(692 721 722 693)
4(721 750 751 722)
4(750 779 780 751)
4(779 808 809 780)
4(808 837 838 809)
4(837 866 867 838)
4(866 895 896 867)
4(895 924 925 896)
4(924 953 954 925)
4(26 55 56 27)
4(55 84 85 56)
4(84 113 114 85)
4(113 142 143 114)
4(142 171 172 143)
4(171 200 201 172)
4(200 229 230 201)
4(229 258 259 230)
4(258 287 288 259)
4(287 316 317 288)
4(316 345 346 317)
4(345 374 375 346)
4(374 403 404 375)
4(403 432 433 404)
4(432 461 462 433)
4(461 490 491 462)
4(490 519 520 491)
4(519 548 549 520)
4(548 577 578 549)
4(577 606 607 578)
4(606 635 636 607)
4(635 664 665 636)
4(664 693 694 665)
4(693 722 723 694)
4(722 751 752 723)
4(751 780 781 752)
4(780 809 810 781)
4(809 838 839 810)
4(838 867 868 839)
4(867 896 897 868)
4(896 925 926 897)
4(925 954 955 926)
4(27 56 57 28)
4(56 85 86 57)
4(85 114 115 86)
4(114 143 144 115)
4(143 172 173 144)
4(172 201 202 173)
4(201 230 231 202)
4(230 259 260 231)
4(259 288 289 260)
4(288 317 318 289)
4(317 346 347 318)
4(346 375 376 347)
4(375 404 405 376)
4(404 433 434 405)
4(433 462 463 434)
4(462 491 492 463)
4(491 520 521 492)
4(520 549 550 521)
4(549 578 579 550)
4(578 607 608 579)
4(607 636 637 608)
4(636 665 666 637)
4(665 694 695 666)
4(694 723 724 695)
4(723 752 753 724)
4(752 781 782 753)
4(781 810 811 782)
4(810 839 840 811)
4(839 868 869 840)
4(868 897 898 869)
4(897 926 927 898)
4(926 955 956 927)
4(1947 2013 2014 1948)
4(2013 2079 2080 2014)
4(2079 2145 2146 2080)
4(2145 28 57 2146)
4(1948 2014 2015 1949)
4(2014 2080 2081 2015)
4(2080 2146 2147 2081)
4(2146 57 86 2147)
4(1949 2015 2016 1950)
4(2015 2081 2082 2016)
4(2081 2147 2148 2082)
4(2147 86 115 2148)
4(1950 2016 2017 1951)
4(2016 2082 2083 2017)
4(2082 2148 2149 2083)
4(2148 115 144 2149)
4(1951 2017 2018 1952)
4(2017 2083 2084 2018)
4(2083 2149 2150 2084)
4(2149 144 173 2150)
4(1952 2018 2019 1953)
4(2018 2084 2085 2019)
4(2084 2150 2151 2085)
4(2150 173 202 2151)
4(1953 2019 2020 1954)
4(2019 2085 2086 2020)
4(2085 2151 2152 2086)
4(2151 202 231 2152)
4(1954 2020 2021 1955)
4(2020 2086 2087 2021)
4(2086 2152 2153 2087)
4(2152 231 260 2153)
4(1955 2021 2022 1956)
4(2021 2087 2088 2022)
4(2087 2153 2154 2088)
4(2153 260 289 2154)
4(1956 2022 2023 1957)
4(2022 2088 2089 2023)
4(2088 2154 2155 2089)
4(2154 289 318 2155)
4(1957 2023 2024 1958)
4(2023 2089 2090 2024)
4(2089 2155 2156 2090)
4(2155 318 347 2156)
4(1958 2024 2025 1959)
4(2024 2090 2091 2025)
4(2090 2156 2157 2091)
4(2156 347 376 2157)
4(1959 2025 2026 1960)
4(2025 2091 2092 2026)
4(2091 2157 2158 2092)
4(2157 376 405 2158)
4(1960 2026 2027 1961)
4(2026 2092 2093 2027)
4(2092 2158 2159 2093)
4(2158 405 434 2159)
4(1961 2027 2028 1962)
4(2027 2093 2094 2028)
4(2093 2159 2160 2094)
4(2159 434 463 2160)
4(1962 2028 2029 1963)
4(2028 2094 2095 2029)
4(2094 2160 2161 2095)
4(2160 463 492 2161)
4(1963 2029 2030 1964)
4(2029 2095 2096 2030)
4(2095 2161 2162 2096)
4(2161 492 521 2162)
4(1964 2030 2031 1965)
4(2030 2096 2097 2031)
4(2096 2162 2163 2097)
4(2162 521 550 2163)
4(1965 2031 2032 1966)
4(2031 2097 2098 2032)
4(2097 2163 2164 2098)
4(2163 550 579 2164)
4(1966 2032 2033 1967)
4(2032 2098 2099 2033)
4(2098 2164 2165 2099)
4(2164 579 608 2165)
4(1967 2033 2034 1968)
4(2033 2099 2100 2034)
4(2099 2165 2166 2100)
4(2165 608 637 2166)
4(1968 2034 2035 1969)
4(2034 2100 2101 2035)
4(2100 2166 2167 2101)
4(2166 637 666 2167)
4(1969 2035 2036 1970)
4(2035 2101 2102 2036)
4(2101 2167 2168 2102)
4(2167 666 695 2168)
4(1970 2036 2037 1971)
4(2036 2102 2103 2037)
4(2102 2168 2169 2103)
4(2168 695 724 2169)
4(1971 2037 2038 1972)
4(2037 2103 2104 2038)
4(2103 2169 2170 2104)
4(2169 724 753 2170)
4(1972 2038 2039 1973)
4(2038 2104 2105 2039)
4(2104 2170 2171 2105)
4(2170 753 782 2171)
4(1973 2039 2040 1974)
4(2039 2105 2106 2040)
4(2105 2171 2172 2106)
4(2171 782 811 2172)
4(1974 2040 2041 1975)
4(2040 2106 2107 2041)
4(2106 2172 2173 2107)
4(2172 811 840 2173)
4(1975 2041 2042 1976)
4(2041 2107 2108 2042)
4(2107 2173 2174 2108)
4(2173 840 869 2174)
4(1976 2042 2043 1977)
4(2042 2108 2109 2043)
4(2108 2174 2175 2109)
4(2174 869 898 2175)
4(1977 2043 2044 1978)
4(2043 2109 2110 2044)
4(2109 2175 2176 2110)
4(2175 898 927 2176)
4(1978 2044 2045 1979)
4(2044 2110 2111 2045)
4(2110 2176 2177 2111)
4(2176 927 956 2177)
4(1914 1915 1981 1980)
4(1980 1981 2047 2046)
4(2046 2047 2113 2112)
4(2112 2113 1014 985)
4(1915 1916 1982 1981)
4(1981 1982 2048 2047)
4(2047 2048 2114 2113)
4(2113 2114 1043 1014)
4(1916 1917 1983 1982)
4(1982 1983 2049 2048)
4(2048 2049 2115 2114)
4(2114 2115 1072 1043)
4(1917 1918 1984 1983)
4(1983 1984 2050 2049)
4(2049 2050 2116 2115)
4(2115 2116 1101 1072)
4(1918 1919 1985 1984)
4(1984 1985 2051 2050)
4(2050 2051 2117 2116)
4(2116 2117 1130 1101)
4(1919 1920 1986 1985)
4(1985 1986 2052 2051)
4(2051 2052 2118 2117)
4(2117 2118 1159 1130)
4(1920 1921 1987 1986)
4(1986 1987 2053 2052)
4(2052 2053 2119 2118)
4(2118 2119 1188 1159)
4(1921 1922 1988 1987)
4(1987 1988 2054 2053)
4(2053 2054 2120 2119)
4(2119 2120 1217 1188)
4(1922 1923 1989 1988)
4(1988 1989 2055 2054)
4(2054 2055 2121 2120)
4(2120 2121 1246 1217)
4(1923 1924 1990 1989)
4(1989 1990 2056 2055)
4(2055 2056 2122 2121)
4(2121 2122 1275 1246)
4(1924 1925 1991 1990)
4(1990 1991 2057 2056)
4(2056 2057 2123 2122)
4(2122 2123 1304 1275)
4(1925 1926 1992 1991)
4(1991 1992 2058 2057)
4(2057 2058 2124 2123)
4(2123 2124 1333 1304)
4(1926 1927 1993 1992)
4(1992 1993 2059 2058)
4(2058 2059 2125 2124)
4(2124 2125 1362 1333)
4(1927 1928 1994 1993)
4(1993 1994 2060 2059)
4(2059 2060 2126 2125)
4(2125 2126 1391 1362)
4(1928 1929 1995 1994)
4(1994 1995 2061 2060)
4(2060 2061 2127 2126)
4(2126 2127 1420 1391)
4(1929 1930 1996 1995)
4(1995 1996 2062 2061)
4(2061 2062 2128 2127)
4(2127 2128 1449 1420)
4(1930 1931 1997 1996)
4(1996 1997 2063 2062)
4(2062 2063 2129 2128)
4(2128 2129 1478 1449)
4(1931 1932 1998 1997)
4(1997 1998 2064 2063)
4(2063 2064 2130 2129)
4(2129 2130 1507 1478)
4(1932 1933 1999 1998)
4(1998 1999 2065 2064)
4(2064 2065 2131 2130)
4(2130 2131 1536 1507)
4(1933 1934 2000 1999)
4(1999 2000 2066 2065)
4(2065 2066 2132 2131)
4(2131 2132 1565 1536)
4(1934 1935 2001 2000)
4(2000 2001 2067 2066)
4(2066 2067 2133 2132)
4(2132 2133 1594 1565)
4(1935 1936 2002 2001)
4(2001 2002 2068 2067)
4(2067 2068 2134 2133)
4(2133 2134 1623 1594)
4(1936 1937 2003 2002)
4(2002 2003 2069 2068)
4(2068 2069 2135 2134)
4(2134 2135 1652 1623)
4(1937 1938 2004 2003)
4(2003 2004 2070 2069)
4(2069 2070 2136 2135)
4(2135 2136 1681 1652)
4(1938 1939 2005 2004)
4(2004 2005 2071 2070)
4(2070 2071 2137 2136)
4(2136 2137 1710 1681)
4(1939 1940 2006 2005)
4(2005 2006 2072 2071)
4(2071 2072 2138 2137)
4(2137 2138 1739 1710)
4(1940 1941 2007 2006)
4(2006 2007 2073 2072)
4(2072 2073 2139 2138)
4(2138 2139 1768 1739)
4(1941 1942 2008 2007)
4(2007 2008 2074 2073)
4(2073 2074 2140 2139)
4(2139 2140 1797 1768)
4(1942 1943 2009 2008)
4(2008 2009 2075 2074)
4(2074 2075 2141 2140)
4(2140 2141 1826 1797)
4(1943 1944 2010 2009)
4(2009 2010 2076 2075)
4(2075 2076 2142 2141)
4(2141 2142 1855 1826)
4(1944 1945 2011 2010)
4(2010 2011 2077 2076)
4(2076 2077 2143 2142)
4(2142 2143 1884 1855)
4(1945 1946 2012 2011)
4(2011 2012 2078 2077)
4(2077 2078 2144 2143)
4(2143 2144 1913 1884)
4(0 957 986 29)
4(29 986 1015 58)
4(58 1015 1044 87)
4(87 1044 1073 116)
4(116 1073 1102 145)
4(145 1102 1131 174)
4(174 1131 1160 203)
4(203 1160 1189 232)
4(232 1189 1218 261)
4(261 1218 1247 290)
4(290 1247 1276 319)
4(319 1276 1305 348)
4(348 1305 1334 377)
4(377 1334 1363 406)
4(406 1363 1392 435)
4(435 1392 1421 464)
4(464 1421 1450 493)
4(493 1450 1479 522)
4(522 1479 1508 551)
4(551 1508 1537 580)
4(580 1537 1566 609)
4(609 1566 1595 638)
4(638 1595 1624 667)
4(667 1624 1653 696)
4(696 1653 1682 725)
4(725 1682 1711 754)
4(754 1711 1740 783)
4(783 1740 1769 812)
4(812 1769 1798 841)
4(841 1798 1827 870)
4(870 1827 1856 899)
4(899 1856 1885 928)
4(1914 1947 1948 1915)
4(1915 1948 1949 1916)
4(1916 1949 1950 1917)
4(1917 1950 1951 1918)
4(1918 1951 1952 1919)
4(1919 1952 1953 1920)
4(1920 1953 1954 1921)
4(1921 1954 1955 1922)
4(1922 1955 1956 1923)
4(1923 1956 1957 1924)
4(1924 1957 1958 1925)
4(1925 1958 1959 1926)
4(1926 1959 1960 1927)
4(1927 1960 1961 1928)
4(1928 1961 1962 1929)
4(1929 1962 1963 1930)
4(1930 1963 1964 1931)
4(1931 1964 1965 1932)
4(1932 1965 1966 1933)
4(1933 1966 1967 1934)
4(1934 1967 1968 1935)
4(1935 1968 1969 1936)
4(1936 1969 1970 1937)
4(1937 1970 1971 1938)
4(1938 1971 1972 1939)
4(1939 1972 1973 1940)
4(1940 1973 1974 1941)
4(1941 1974 1975 1942)
4(1942 1975 1976 1943)
4(1943 1976 1977 1944)
4(1944 1977 1978 1945)
4(1945 1978 1979 1946)
4(1946 1979 2045 2012)
4(2012 2045 2111 2078)
4(2078 2111 2177 2144)
4(2144 2177 956 1913)
)


// ************************************************************************* //
