/*--------------------------------*- C++ -*----------------------------------*\
| =========                 |                                                 |
| \\      /  F ield         | OpenFOAM: The Open Source CFD Toolbox           |
|  \\    /   O peration     | Version:  5.x                                   |
|   \\  /    A nd           | Web:      www.OpenFOAM.org                      |
|    \\/     M anipulation  |                                                 |
\*---------------------------------------------------------------------------*/
FoamFile
{
    version     2.0;
    format      ascii;
    class       labelList;
    note        "nPoints: 2178 nCells: 1024 nFaces: 4160 nInternalFaces: 1984";
    location    "constant/polyMesh";
    object      neighbour;
}
// * * * * * * * * * * * * * * * * * * * * * * * * * * * * * * * * * * * * * //


1984
(
1
28
2
29
3
30
4
31
5
32
6
33
7
34
8
35
9
36
10
37
11
38
12
39
13
40
14
41
15
42
16
43
17
44
18
45
19
46
20
47
21
48
22
49
23
50
24
51
25
52
26
53
27
54
55
992
29
56
30
57
31
58
32
59
33
60
34
61
35
62
36
63
37
64
38
65
39
66
40
67
41
68
42
69
43
70
44
71
45
72
46
73
47
74
48
75
49
76
50
77
51
78
52
79
53
80
54
81
55
82
83
993
57
84
58
85
59
86
60
87
61
88
62
89
63
90
64
91
65
92
66
93
67
94
68
95
69
96
70
97
71
98
72
99
73
100
74
101
75
102
76
103
77
104
78
105
79
106
80
107
81
108
82
109
83
110
111
994
85
112
86
113
87
114
88
115
89
116
90
117
91
118
92
119
93
120
94
121
95
122
96
123
97
124
98
125
99
126
100
127
101
128
102
129
103
130
104
131
105
132
106
133
107
134
108
135
109
136
110
137
111
138
139
995
113
140
114
141
115
142
116
143
117
144
118
145
119
146
120
147
121
148
122
149
123
150
124
151
125
152
126
153
127
154
128
155
129
156
130
157
131
158
132
159
133
160
134
161
135
162
136
163
137
164
138
165
139
166
167
996
141
168
142
169
143
170
144
171
145
172
146
173
147
174
148
175
149
176
150
177
151
178
152
179
153
180
154
181
155
182
156
183
157
184
158
185
159
186
160
187
161
188
162
189
163
190
164
191
165
192
166
193
167
194
195
997
169
196
170
197
171
198
172
199
173
200
174
201
175
202
176
203
177
204
178
205
179
206
180
207
181
208
182
209
183
210
184
211
185
212
186
213
187
214
188
215
189
216
190
217
191
218
192
219
193
220
194
221
195
222
223
998
197
224
198
225
199
226
200
227
201
228
202
229
203
230
204
231
205
232
206
233
207
234
208
235
209
236
210
237
211
238
212
239
213
240
214
241
215
242
216
243
217
244
218
245
219
246
220
247
221
248
222
249
223
250
251
999
225
252
226
253
227
254
228
255
229
256
230
257
231
258
232
259
233
260
234
261
235
262
236
263
237
264
238
265
239
266
240
267
241
268
242
269
243
270
244
271
245
272
246
273
247
274
248
275
249
276
250
277
251
278
279
1000
253
280
254
281
255
282
256
283
257
284
258
285
259
286
260
287
261
288
262
289
263
290
264
291
265
292
266
293
267
294
268
295
269
296
270
297
271
298
272
299
273
300
274
301
275
302
276
303
277
304
278
305
279
306
307
1001
281
308
282
309
283
310
284
311
285
312
286
313
287
314
288
315
289
316
290
317
291
318
292
319
293
320
294
321
295
322
296
323
297
324
298
325
299
326
300
327
301
328
302
329
303
330
304
331
305
332
306
333
307
334
335
1002
309
336
310
337
311
338
312
339
313
340
314
341
315
342
316
343
317
344
318
345
319
346
320
347
321
348
322
349
323
350
324
351
325
352
326
353
327
354
328
355
329
356
330
357
331
358
332
359
333
360
334
361
335
362
363
1003
337
364
338
365
339
366
340
367
341
368
342
369
343
370
344
371
345
372
346
373
347
374
348
375
349
376
350
377
351
378
352
379
353
380
354
381
355
382
356
383
357
384
358
385
359
386
360
387
361
388
362
389
363
390
391
1004
365
392
366
393
367
394
368
395
369
396
370
397
371
398
372
399
373
400
374
401
375
402
376
403
377
404
378
405
379
406
380
407
381
408
382
409
383
410
384
411
385
412
386
413
387
414
388
415
389
416
390
417
391
418
419
1005
393
420
394
421
395
422
396
423
397
424
398
425
399
426
400
427
401
428
402
429
403
430
404
431
405
432
406
433
407
434
408
435
409
436
410
437
411
438
412
439
413
440
414
441
415
442
416
443
417
444
418
445
419
446
447
1006
421
448
422
449
423
450
424
451
425
452
426
453
427
454
428
455
429
456
430
457
431
458
432
459
433
460
434
461
435
462
436
463
437
464
438
465
439
466
440
467
441
468
442
469
443
470
444
471
445
472
446
473
447
474
475
1007
449
476
450
477
451
478
452
479
453
480
454
481
455
482
456
483
457
484
458
485
459
486
460
487
461
488
462
489
463
490
464
491
465
492
466
493
467
494
468
495
469
496
470
497
471
498
472
499
473
500
474
501
475
502
503
1008
477
504
478
505
479
506
480
507
481
508
482
509
483
510
484
511
485
512
486
513
487
514
488
515
489
516
490
517
491
518
492
519
493
520
494
521
495
522
496
523
497
524
498
525
499
526
500
527
501
528
502
529
503
530
531
1009
505
532
506
533
507
534
508
535
509
536
510
537
511
538
512
539
513
540
514
541
515
542
516
543
517
544
518
545
519
546
520
547
521
548
522
549
523
550
524
551
525
552
526
553
527
554
528
555
529
556
530
557
531
558
559
1010
533
560
534
561
535
562
536
563
537
564
538
565
539
566
540
567
541
568
542
569
543
570
544
571
545
572
546
573
547
574
548
575
549
576
550
577
551
578
552
579
553
580
554
581
555
582
556
583
557
584
558
585
559
586
587
1011
561
588
562
589
563
590
564
591
565
592
566
593
567
594
568
595
569
596
570
597
571
598
572
599
573
600
574
601
575
602
576
603
577
604
578
605
579
606
580
607
581
608
582
609
583
610
584
611
585
612
586
613
587
614
615
1012
589
616
590
617
591
618
592
619
593
620
594
621
595
622
596
623
597
624
598
625
599
626
600
627
601
628
602
629
603
630
604
631
605
632
606
633
607
634
608
635
609
636
610
637
611
638
612
639
613
640
614
641
615
642
643
1013
617
644
618
645
619
646
620
647
621
648
622
649
623
650
624
651
625
652
626
653
627
654
628
655
629
656
630
657
631
658
632
659
633
660
634
661
635
662
636
663
637
664
638
665
639
666
640
667
641
668
642
669
643
670
671
1014
645
672
646
673
647
674
648
675
649
676
650
677
651
678
652
679
653
680
654
681
655
682
656
683
657
684
658
685
659
686
660
687
661
688
662
689
663
690
664
691
665
692
666
693
667
694
668
695
669
696
670
697
671
698
699
1015
673
700
674
701
675
702
676
703
677
704
678
705
679
706
680
707
681
708
682
709
683
710
684
711
685
712
686
713
687
714
688
715
689
716
690
717
691
718
692
719
693
720
694
721
695
722
696
723
697
724
698
725
699
726
727
1016
701
728
702
729
703
730
704
731
705
732
706
733
707
734
708
735
709
736
710
737
711
738
712
739
713
740
714
741
715
742
716
743
717
744
718
745
719
746
720
747
721
748
722
749
723
750
724
751
725
752
726
753
727
754
755
1017
729
756
730
757
731
758
732
759
733
760
734
761
735
762
736
763
737
764
738
765
739
766
740
767
741
768
742
769
743
770
744
771
745
772
746
773
747
774
748
775
749
776
750
777
751
778
752
779
753
780
754
781
755
782
783
1018
757
784
758
785
759
786
760
787
761
788
762
789
763
790
764
791
765
792
766
793
767
794
768
795
769
796
770
797
771
798
772
799
773
800
774
801
775
802
776
803
777
804
778
805
779
806
780
807
781
808
782
809
783
810
811
1019
785
812
786
813
787
814
788
815
789
816
790
817
791
818
792
819
793
820
794
821
795
822
796
823
797
824
798
825
799
826
800
827
801
828
802
829
803
830
804
831
805
832
806
833
807
834
808
835
809
836
810
837
811
838
839
1020
813
840
814
841
815
842
816
843
817
844
818
845
819
846
820
847
821
848
822
849
823
850
824
851
825
852
826
853
827
854
828
855
829
856
830
857
831
858
832
859
833
860
834
861
835
862
836
863
837
864
838
865
839
866
867
1021
841
868
842
869
843
870
844
871
845
872
846
873
847
874
848
875
849
876
850
877
851
878
852
879
853
880
854
881
855
882
856
883
857
884
858
885
859
886
860
887
861
888
862
889
863
890
864
891
865
892
866
893
867
894
895
1022
869
870
871
872
873
874
875
876
877
878
879
880
881
882
883
884
885
886
887
888
889
890
891
892
893
894
895
1023
897
928
898
929
899
930
900
931
901
932
902
933
903
934
904
935
905
936
906
937
907
938
908
939
909
940
910
941
911
942
912
943
913
944
914
945
915
946
916
947
917
948
918
949
919
950
920
951
921
952
922
953
923
954
924
955
925
956
926
957
927
958
959
929
960
930
961
931
962
932
963
933
964
934
965
935
966
936
967
937
968
938
969
939
970
940
971
941
972
942
973
943
974
944
975
945
976
946
977
947
978
948
979
949
980
950
981
951
982
952
983
953
984
954
985
955
986
956
987
957
988
958
989
959
990
991
961
992
962
993
963
994
964
995
965
996
966
997
967
998
968
999
969
1000
970
1001
971
1002
972
1003
973
1004
974
1005
975
1006
976
1007
977
1008
978
1009
979
1010
980
1011
981
1012
982
1013
983
1014
984
1015
985
1016
986
1017
987
1018
988
1019
989
1020
990
1021
991
1022
1023
993
994
995
996
997
998
999
1000
1001
1002
1003
1004
1005
1006
1007
1008
1009
1010
1011
1012
1013
1014
1015
1016
1017
1018
1019
1020
1021
1022
1023
)


// ************************************************************************* //
