/*--------------------------------*- C++ -*----------------------------------*\
| =========                 |                                                 |
| \\      /  F ield         | OpenFOAM: The Open Source CFD Toolbox           |
|  \\    /   O peration     | Version:  5.x                                   |
|   \\  /    A nd           | Web:      www.OpenFOAM.org                      |
|    \\/     M anipulation  |                                                 |
\*---------------------------------------------------------------------------*/
FoamFile
{
    version     2.0;
    format      ascii;
    class       labelList;
    note        "nPoints: 2178 nCells: 1024 nFaces: 4160 nInternalFaces: 1984";
    location    "constant/polyMesh";
    object      owner;
}
// * * * * * * * * * * * * * * * * * * * * * * * * * * * * * * * * * * * * * //


4160
(
0
0
1
1
2
2
3
3
4
4
5
5
6
6
7
7
8
8
9
9
10
10
11
11
12
12
13
13
14
14
15
15
16
16
17
17
18
18
19
19
20
20
21
21
22
22
23
23
24
24
25
25
26
26
27
27
28
28
29
29
30
30
31
31
32
32
33
33
34
34
35
35
36
36
37
37
38
38
39
39
40
40
41
41
42
42
43
43
44
44
45
45
46
46
47
47
48
48
49
49
50
50
51
51
52
52
53
53
54
54
55
55
56
56
57
57
58
58
59
59
60
60
61
61
62
62
63
63
64
64
65
65
66
66
67
67
68
68
69
69
70
70
71
71
72
72
73
73
74
74
75
75
76
76
77
77
78
78
79
79
80
80
81
81
82
82
83
83
84
84
85
85
86
86
87
87
88
88
89
89
90
90
91
91
92
92
93
93
94
94
95
95
96
96
97
97
98
98
99
99
100
100
101
101
102
102
103
103
104
104
105
105
106
106
107
107
108
108
109
109
110
110
111
111
112
112
113
113
114
114
115
115
116
116
117
117
118
118
119
119
120
120
121
121
122
122
123
123
124
124
125
125
126
126
127
127
128
128
129
129
130
130
131
131
132
132
133
133
134
134
135
135
136
136
137
137
138
138
139
139
140
140
141
141
142
142
143
143
144
144
145
145
146
146
147
147
148
148
149
149
150
150
151
151
152
152
153
153
154
154
155
155
156
156
157
157
158
158
159
159
160
160
161
161
162
162
163
163
164
164
165
165
166
166
167
167
168
168
169
169
170
170
171
171
172
172
173
173
174
174
175
175
176
176
177
177
178
178
179
179
180
180
181
181
182
182
183
183
184
184
185
185
186
186
187
187
188
188
189
189
190
190
191
191
192
192
193
193
194
194
195
195
196
196
197
197
198
198
199
199
200
200
201
201
202
202
203
203
204
204
205
205
206
206
207
207
208
208
209
209
210
210
211
211
212
212
213
213
214
214
215
215
216
216
217
217
218
218
219
219
220
220
221
221
222
222
223
223
224
224
225
225
226
226
227
227
228
228
229
229
230
230
231
231
232
232
233
233
234
234
235
235
236
236
237
237
238
238
239
239
240
240
241
241
242
242
243
243
244
244
245
245
246
246
247
247
248
248
249
249
250
250
251
251
252
252
253
253
254
254
255
255
256
256
257
257
258
258
259
259
260
260
261
261
262
262
263
263
264
264
265
265
266
266
267
267
268
268
269
269
270
270
271
271
272
272
273
273
274
274
275
275
276
276
277
277
278
278
279
279
280
280
281
281
282
282
283
283
284
284
285
285
286
286
287
287
288
288
289
289
290
290
291
291
292
292
293
293
294
294
295
295
296
296
297
297
298
298
299
299
300
300
301
301
302
302
303
303
304
304
305
305
306
306
307
307
308
308
309
309
310
310
311
311
312
312
313
313
314
314
315
315
316
316
317
317
318
318
319
319
320
320
321
321
322
322
323
323
324
324
325
325
326
326
327
327
328
328
329
329
330
330
331
331
332
332
333
333
334
334
335
335
336
336
337
337
338
338
339
339
340
340
341
341
342
342
343
343
344
344
345
345
346
346
347
347
348
348
349
349
350
350
351
351
352
352
353
353
354
354
355
355
356
356
357
357
358
358
359
359
360
360
361
361
362
362
363
363
364
364
365
365
366
366
367
367
368
368
369
369
370
370
371
371
372
372
373
373
374
374
375
375
376
376
377
377
378
378
379
379
380
380
381
381
382
382
383
383
384
384
385
385
386
386
387
387
388
388
389
389
390
390
391
391
392
392
393
393
394
394
395
395
396
396
397
397
398
398
399
399
400
400
401
401
402
402
403
403
404
404
405
405
406
406
407
407
408
408
409
409
410
410
411
411
412
412
413
413
414
414
415
415
416
416
417
417
418
418
419
419
420
420
421
421
422
422
423
423
424
424
425
425
426
426
427
427
428
428
429
429
430
430
431
431
432
432
433
433
434
434
435
435
436
436
437
437
438
438
439
439
440
440
441
441
442
442
443
443
444
444
445
445
446
446
447
447
448
448
449
449
450
450
451
451
452
452
453
453
454
454
455
455
456
456
457
457
458
458
459
459
460
460
461
461
462
462
463
463
464
464
465
465
466
466
467
467
468
468
469
469
470
470
471
471
472
472
473
473
474
474
475
475
476
476
477
477
478
478
479
479
480
480
481
481
482
482
483
483
484
484
485
485
486
486
487
487
488
488
489
489
490
490
491
491
492
492
493
493
494
494
495
495
496
496
497
497
498
498
499
499
500
500
501
501
502
502
503
503
504
504
505
505
506
506
507
507
508
508
509
509
510
510
511
511
512
512
513
513
514
514
515
515
516
516
517
517
518
518
519
519
520
520
521
521
522
522
523
523
524
524
525
525
526
526
527
527
528
528
529
529
530
530
531
531
532
532
533
533
534
534
535
535
536
536
537
537
538
538
539
539
540
540
541
541
542
542
543
543
544
544
545
545
546
546
547
547
548
548
549
549
550
550
551
551
552
552
553
553
554
554
555
555
556
556
557
557
558
558
559
559
560
560
561
561
562
562
563
563
564
564
565
565
566
566
567
567
568
568
569
569
570
570
571
571
572
572
573
573
574
574
575
575
576
576
577
577
578
578
579
579
580
580
581
581
582
582
583
583
584
584
585
585
586
586
587
587
588
588
589
589
590
590
591
591
592
592
593
593
594
594
595
595
596
596
597
597
598
598
599
599
600
600
601
601
602
602
603
603
604
604
605
605
606
606
607
607
608
608
609
609
610
610
611
611
612
612
613
613
614
614
615
615
616
616
617
617
618
618
619
619
620
620
621
621
622
622
623
623
624
624
625
625
626
626
627
627
628
628
629
629
630
630
631
631
632
632
633
633
634
634
635
635
636
636
637
637
638
638
639
639
640
640
641
641
642
642
643
643
644
644
645
645
646
646
647
647
648
648
649
649
650
650
651
651
652
652
653
653
654
654
655
655
656
656
657
657
658
658
659
659
660
660
661
661
662
662
663
663
664
664
665
665
666
666
667
667
668
668
669
669
670
670
671
671
672
672
673
673
674
674
675
675
676
676
677
677
678
678
679
679
680
680
681
681
682
682
683
683
684
684
685
685
686
686
687
687
688
688
689
689
690
690
691
691
692
692
693
693
694
694
695
695
696
696
697
697
698
698
699
699
700
700
701
701
702
702
703
703
704
704
705
705
706
706
707
707
708
708
709
709
710
710
711
711
712
712
713
713
714
714
715
715
716
716
717
717
718
718
719
719
720
720
721
721
722
722
723
723
724
724
725
725
726
726
727
727
728
728
729
729
730
730
731
731
732
732
733
733
734
734
735
735
736
736
737
737
738
738
739
739
740
740
741
741
742
742
743
743
744
744
745
745
746
746
747
747
748
748
749
749
750
750
751
751
752
752
753
753
754
754
755
755
756
756
757
757
758
758
759
759
760
760
761
761
762
762
763
763
764
764
765
765
766
766
767
767
768
768
769
769
770
770
771
771
772
772
773
773
774
774
775
775
776
776
777
777
778
778
779
779
780
780
781
781
782
782
783
783
784
784
785
785
786
786
787
787
788
788
789
789
790
790
791
791
792
792
793
793
794
794
795
795
796
796
797
797
798
798
799
799
800
800
801
801
802
802
803
803
804
804
805
805
806
806
807
807
808
808
809
809
810
810
811
811
812
812
813
813
814
814
815
815
816
816
817
817
818
818
819
819
820
820
821
821
822
822
823
823
824
824
825
825
826
826
827
827
828
828
829
829
830
830
831
831
832
832
833
833
834
834
835
835
836
836
837
837
838
838
839
839
840
840
841
841
842
842
843
843
844
844
845
845
846
846
847
847
848
848
849
849
850
850
851
851
852
852
853
853
854
854
855
855
856
856
857
857
858
858
859
859
860
860
861
861
862
862
863
863
864
864
865
865
866
866
867
867
868
869
870
871
872
873
874
875
876
877
878
879
880
881
882
883
884
885
886
887
888
889
890
891
892
893
894
895
896
896
897
897
898
898
899
899
900
900
901
901
902
902
903
903
904
904
905
905
906
906
907
907
908
908
909
909
910
910
911
911
912
912
913
913
914
914
915
915
916
916
917
917
918
918
919
919
920
920
921
921
922
922
923
923
924
924
925
925
926
926
927
928
928
929
929
930
930
931
931
932
932
933
933
934
934
935
935
936
936
937
937
938
938
939
939
940
940
941
941
942
942
943
943
944
944
945
945
946
946
947
947
948
948
949
949
950
950
951
951
952
952
953
953
954
954
955
955
956
956
957
957
958
958
959
960
960
961
961
962
962
963
963
964
964
965
965
966
966
967
967
968
968
969
969
970
970
971
971
972
972
973
973
974
974
975
975
976
976
977
977
978
978
979
979
980
980
981
981
982
982
983
983
984
984
985
985
986
986
987
987
988
988
989
989
990
990
991
992
993
994
995
996
997
998
999
1000
1001
1002
1003
1004
1005
1006
1007
1008
1009
1010
1011
1012
1013
1014
1015
1016
1017
1018
1019
1020
1021
1022
896
928
960
992
868
869
870
871
872
873
874
875
876
877
878
879
880
881
882
883
884
885
886
887
888
889
890
891
892
893
894
895
0
1
2
3
4
5
6
7
8
9
10
11
12
13
14
15
16
17
18
19
20
21
22
23
24
25
26
27
0
28
56
84
112
140
168
196
224
252
280
308
336
364
392
420
448
476
504
532
560
588
616
644
672
700
728
756
784
812
840
868
1
29
57
85
113
141
169
197
225
253
281
309
337
365
393
421
449
477
505
533
561
589
617
645
673
701
729
757
785
813
841
869
2
30
58
86
114
142
170
198
226
254
282
310
338
366
394
422
450
478
506
534
562
590
618
646
674
702
730
758
786
814
842
870
3
31
59
87
115
143
171
199
227
255
283
311
339
367
395
423
451
479
507
535
563
591
619
647
675
703
731
759
787
815
843
871
4
32
60
88
116
144
172
200
228
256
284
312
340
368
396
424
452
480
508
536
564
592
620
648
676
704
732
760
788
816
844
872
5
33
61
89
117
145
173
201
229
257
285
313
341
369
397
425
453
481
509
537
565
593
621
649
677
705
733
761
789
817
845
873
6
34
62
90
118
146
174
202
230
258
286
314
342
370
398
426
454
482
510
538
566
594
622
650
678
706
734
762
790
818
846
874
7
35
63
91
119
147
175
203
231
259
287
315
343
371
399
427
455
483
511
539
567
595
623
651
679
707
735
763
791
819
847
875
8
36
64
92
120
148
176
204
232
260
288
316
344
372
400
428
456
484
512
540
568
596
624
652
680
708
736
764
792
820
848
876
9
37
65
93
121
149
177
205
233
261
289
317
345
373
401
429
457
485
513
541
569
597
625
653
681
709
737
765
793
821
849
877
10
38
66
94
122
150
178
206
234
262
290
318
346
374
402
430
458
486
514
542
570
598
626
654
682
710
738
766
794
822
850
878
11
39
67
95
123
151
179
207
235
263
291
319
347
375
403
431
459
487
515
543
571
599
627
655
683
711
739
767
795
823
851
879
12
40
68
96
124
152
180
208
236
264
292
320
348
376
404
432
460
488
516
544
572
600
628
656
684
712
740
768
796
824
852
880
13
41
69
97
125
153
181
209
237
265
293
321
349
377
405
433
461
489
517
545
573
601
629
657
685
713
741
769
797
825
853
881
14
42
70
98
126
154
182
210
238
266
294
322
350
378
406
434
462
490
518
546
574
602
630
658
686
714
742
770
798
826
854
882
15
43
71
99
127
155
183
211
239
267
295
323
351
379
407
435
463
491
519
547
575
603
631
659
687
715
743
771
799
827
855
883
16
44
72
100
128
156
184
212
240
268
296
324
352
380
408
436
464
492
520
548
576
604
632
660
688
716
744
772
800
828
856
884
17
45
73
101
129
157
185
213
241
269
297
325
353
381
409
437
465
493
521
549
577
605
633
661
689
717
745
773
801
829
857
885
18
46
74
102
130
158
186
214
242
270
298
326
354
382
410
438
466
494
522
550
578
606
634
662
690
718
746
774
802
830
858
886
19
47
75
103
131
159
187
215
243
271
299
327
355
383
411
439
467
495
523
551
579
607
635
663
691
719
747
775
803
831
859
887
20
48
76
104
132
160
188
216
244
272
300
328
356
384
412
440
468
496
524
552
580
608
636
664
692
720
748
776
804
832
860
888
21
49
77
105
133
161
189
217
245
273
301
329
357
385
413
441
469
497
525
553
581
609
637
665
693
721
749
777
805
833
861
889
22
50
78
106
134
162
190
218
246
274
302
330
358
386
414
442
470
498
526
554
582
610
638
666
694
722
750
778
806
834
862
890
23
51
79
107
135
163
191
219
247
275
303
331
359
387
415
443
471
499
527
555
583
611
639
667
695
723
751
779
807
835
863
891
24
52
80
108
136
164
192
220
248
276
304
332
360
388
416
444
472
500
528
556
584
612
640
668
696
724
752
780
808
836
864
892
25
53
81
109
137
165
193
221
249
277
305
333
361
389
417
445
473
501
529
557
585
613
641
669
697
725
753
781
809
837
865
893
26
54
82
110
138
166
194
222
250
278
306
334
362
390
418
446
474
502
530
558
586
614
642
670
698
726
754
782
810
838
866
894
27
55
83
111
139
167
195
223
251
279
307
335
363
391
419
447
475
503
531
559
587
615
643
671
699
727
755
783
811
839
867
895
0
28
56
84
112
140
168
196
224
252
280
308
336
364
392
420
448
476
504
532
560
588
616
644
672
700
728
756
784
812
840
868
1
29
57
85
113
141
169
197
225
253
281
309
337
365
393
421
449
477
505
533
561
589
617
645
673
701
729
757
785
813
841
869
2
30
58
86
114
142
170
198
226
254
282
310
338
366
394
422
450
478
506
534
562
590
618
646
674
702
730
758
786
814
842
870
3
31
59
87
115
143
171
199
227
255
283
311
339
367
395
423
451
479
507
535
563
591
619
647
675
703
731
759
787
815
843
871
4
32
60
88
116
144
172
200
228
256
284
312
340
368
396
424
452
480
508
536
564
592
620
648
676
704
732
760
788
816
844
872
5
33
61
89
117
145
173
201
229
257
285
313
341
369
397
425
453
481
509
537
565
593
621
649
677
705
733
761
789
817
845
873
6
34
62
90
118
146
174
202
230
258
286
314
342
370
398
426
454
482
510
538
566
594
622
650
678
706
734
762
790
818
846
874
7
35
63
91
119
147
175
203
231
259
287
315
343
371
399
427
455
483
511
539
567
595
623
651
679
707
735
763
791
819
847
875
8
36
64
92
120
148
176
204
232
260
288
316
344
372
400
428
456
484
512
540
568
596
624
652
680
708
736
764
792
820
848
876
9
37
65
93
121
149
177
205
233
261
289
317
345
373
401
429
457
485
513
541
569
597
625
653
681
709
737
765
793
821
849
877
10
38
66
94
122
150
178
206
234
262
290
318
346
374
402
430
458
486
514
542
570
598
626
654
682
710
738
766
794
822
850
878
11
39
67
95
123
151
179
207
235
263
291
319
347
375
403
431
459
487
515
543
571
599
627
655
683
711
739
767
795
823
851
879
12
40
68
96
124
152
180
208
236
264
292
320
348
376
404
432
460
488
516
544
572
600
628
656
684
712
740
768
796
824
852
880
13
41
69
97
125
153
181
209
237
265
293
321
349
377
405
433
461
489
517
545
573
601
629
657
685
713
741
769
797
825
853
881
14
42
70
98
126
154
182
210
238
266
294
322
350
378
406
434
462
490
518
546
574
602
630
658
686
714
742
770
798
826
854
882
15
43
71
99
127
155
183
211
239
267
295
323
351
379
407
435
463
491
519
547
575
603
631
659
687
715
743
771
799
827
855
883
16
44
72
100
128
156
184
212
240
268
296
324
352
380
408
436
464
492
520
548
576
604
632
660
688
716
744
772
800
828
856
884
17
45
73
101
129
157
185
213
241
269
297
325
353
381
409
437
465
493
521
549
577
605
633
661
689
717
745
773
801
829
857
885
18
46
74
102
130
158
186
214
242
270
298
326
354
382
410
438
466
494
522
550
578
606
634
662
690
718
746
774
802
830
858
886
19
47
75
103
131
159
187
215
243
271
299
327
355
383
411
439
467
495
523
551
579
607
635
663
691
719
747
775
803
831
859
887
20
48
76
104
132
160
188
216
244
272
300
328
356
384
412
440
468
496
524
552
580
608
636
664
692
720
748
776
804
832
860
888
21
49
77
105
133
161
189
217
245
273
301
329
357
385
413
441
469
497
525
553
581
609
637
665
693
721
749
777
805
833
861
889
22
50
78
106
134
162
190
218
246
274
302
330
358
386
414
442
470
498
526
554
582
610
638
666
694
722
750
778
806
834
862
890
23
51
79
107
135
163
191
219
247
275
303
331
359
387
415
443
471
499
527
555
583
611
639
667
695
723
751
779
807
835
863
891
24
52
80
108
136
164
192
220
248
276
304
332
360
388
416
444
472
500
528
556
584
612
640
668
696
724
752
780
808
836
864
892
25
53
81
109
137
165
193
221
249
277
305
333
361
389
417
445
473
501
529
557
585
613
641
669
697
725
753
781
809
837
865
893
26
54
82
110
138
166
194
222
250
278
306
334
362
390
418
446
474
502
530
558
586
614
642
670
698
726
754
782
810
838
866
894
27
55
83
111
139
167
195
223
251
279
307
335
363
391
419
447
475
503
531
559
587
615
643
671
699
727
755
783
811
839
867
895
896
928
960
992
897
929
961
993
898
930
962
994
899
931
963
995
900
932
964
996
901
933
965
997
902
934
966
998
903
935
967
999
904
936
968
1000
905
937
969
1001
906
938
970
1002
907
939
971
1003
908
940
972
1004
909
941
973
1005
910
942
974
1006
911
943
975
1007
912
944
976
1008
913
945
977
1009
914
946
978
1010
915
947
979
1011
916
948
980
1012
917
949
981
1013
918
950
982
1014
919
951
983
1015
920
952
984
1016
921
953
985
1017
922
954
986
1018
923
955
987
1019
924
956
988
1020
925
957
989
1021
926
958
990
1022
927
959
991
1023
896
928
960
992
897
929
961
993
898
930
962
994
899
931
963
995
900
932
964
996
901
933
965
997
902
934
966
998
903
935
967
999
904
936
968
1000
905
937
969
1001
906
938
970
1002
907
939
971
1003
908
940
972
1004
909
941
973
1005
910
942
974
1006
911
943
975
1007
912
944
976
1008
913
945
977
1009
914
946
978
1010
915
947
979
1011
916
948
980
1012
917
949
981
1013
918
950
982
1014
919
951
983
1015
920
952
984
1016
921
953
985
1017
922
954
986
1018
923
955
987
1019
924
956
988
1020
925
957
989
1021
926
958
990
1022
927
959
991
1023
0
28
56
84
112
140
168
196
224
252
280
308
336
364
392
420
448
476
504
532
560
588
616
644
672
700
728
756
784
812
840
868
896
897
898
899
900
901
902
903
904
905
906
907
908
909
910
911
912
913
914
915
916
917
918
919
920
921
922
923
924
925
926
927
927
959
991
1023
)


// ************************************************************************* //
